# assumption (20) from the paper
# multiplied by 5670
# this multiplication does not matter, as RHS is 0
0 0
-1680 6 2  2 1 1 1 1  1 1 1 1  1 1 1  1 1  1   
-1050 6 2  2 1 1 1 1  1 1 1 1  1 1 1  1 1  2   
-420 6 2  2 1 1 1 1  1 1 1 1  1 1 1  1 2  2   
210 6 2  2 1 1 1 1  1 1 1 1  1 1 2  1 2  2   
-840 6 2  2 1 1 1 1  1 1 1 2  1 1 1  1 1  1   
-210 6 2  2 1 1 1 1  1 1 1 2  1 1 1  1 1  2   
420 6 2  2 1 1 1 1  1 1 1 2  1 1 1  1 2  2   
1050 6 2  2 1 1 1 1  1 1 1 2  1 1 2  1 2  2   
-840 6 2  2 1 1 1 2  1 1 1 1  1 1 1  1 1  1   
-210 6 2  2 1 1 1 2  1 1 1 1  1 1 1  1 1  2   
420 6 2  2 1 1 1 2  1 1 1 1  1 1 1  1 2  2   
1050 6 2  2 1 1 1 2  1 1 1 1  1 1 2  1 2  2   
-1680 6 2  2 1 1 1 2  1 1 1 2  1 1 1  1 1  1   
-1050 6 2  2 1 1 1 2  1 1 1 2  1 1 1  1 1  2   
-420 6 2  2 1 1 1 2  1 1 1 2  1 1 1  1 2  2   
210 6 2  2 1 1 1 2  1 1 1 2  1 1 2  1 2  2   
210 6 2  2 1 1 1 1  1 1 1 1  1 1 1  2 2  2   
-420 6 2  2 1 1 1 1  1 1 1 1  1 1 2  2 1  1   
210 6 2  2 1 1 1 1  1 1 1 1  1 1 2  2 1  2   
840 6 2  2 1 1 1 1  1 1 1 1  1 1 2  2 2  2   
-840 6 2  2 1 1 1 1  1 1 1 2  1 1 1  2 1  1   
-210 6 2  2 1 1 1 1  1 1 1 2  1 1 1  2 1  2   
420 6 2  2 1 1 1 1  1 1 1 2  1 1 1  2 2  2   
-210 6 2  2 1 1 1 1  1 1 1 2  1 1 2  2 1  1   
420 6 2  2 1 1 1 1  1 1 1 2  1 1 2  2 1  2   
1050 6 2  2 1 1 1 1  1 1 1 2  1 1 2  2 2  2   
-840 6 2  2 1 1 1 2  1 1 1 1  1 1 1  2 1  1   
-210 6 2  2 1 1 1 2  1 1 1 1  1 1 1  2 1  2   
420 6 2  2 1 1 1 2  1 1 1 1  1 1 1  2 2  2   
-210 6 2  2 1 1 1 2  1 1 1 1  1 1 2  2 1  1   
420 6 2  2 1 1 1 2  1 1 1 1  1 1 2  2 1  2   
1050 6 2  2 1 1 1 2  1 1 1 1  1 1 2  2 2  2   
-1050 6 2  2 1 1 1 2  1 1 1 2  1 1 1  2 1  1   
-420 6 2  2 1 1 1 2  1 1 1 2  1 1 1  2 1  2   
210 6 2  2 1 1 1 2  1 1 1 2  1 1 1  2 2  2   
-420 6 2  2 1 1 1 2  1 1 1 2  1 1 2  2 1  1   
210 6 2  2 1 1 1 2  1 1 1 2  1 1 2  2 1  2   
840 6 2  2 1 1 1 2  1 1 1 2  1 1 2  2 2  2   
840 6 2  2 1 1 1 1  1 1 1 1  1 2 2  2 2  1   
1470 6 2  2 1 1 1 1  1 1 1 1  1 2 2  2 2  2   
-840 6 2  2 1 1 1 1  1 1 1 2  1 2 1  2 1  1   
-210 6 2  2 1 1 1 1  1 1 1 2  1 2 1  2 1  2   
-210 6 2  2 1 1 1 1  1 1 1 2  1 2 1  2 2  1   
420 6 2  2 1 1 1 1  1 1 1 2  1 2 1  2 2  2   
420 6 2  2 1 1 1 1  1 1 1 2  1 2 2  2 2  1   
1050 6 2  2 1 1 1 1  1 1 1 2  1 2 2  2 2  2   
-840 6 2  2 1 1 1 2  1 1 1 1  1 2 1  2 1  1   
-210 6 2  2 1 1 1 2  1 1 1 1  1 2 1  2 1  2   
-210 6 2  2 1 1 1 2  1 1 1 1  1 2 1  2 2  1   
420 6 2  2 1 1 1 2  1 1 1 1  1 2 1  2 2  2   
420 6 2  2 1 1 1 2  1 1 1 1  1 2 2  2 2  1   
1050 6 2  2 1 1 1 2  1 1 1 1  1 2 2  2 2  2   
-420 6 2  2 1 1 1 2  1 1 1 2  1 2 1  2 1  1   
210 6 2  2 1 1 1 2  1 1 1 2  1 2 1  2 1  2   
210 6 2  2 1 1 1 2  1 1 1 2  1 2 1  2 2  1   
840 6 2  2 1 1 1 2  1 1 1 2  1 2 1  2 2  2   
840 6 2  2 1 1 1 2  1 1 1 2  1 2 2  2 2  1   
1470 6 2  2 1 1 1 2  1 1 1 2  1 2 2  2 2  2   
-280 6 2  2 1 1 1 1  1 1 2 2  1 1 1  1 1  1   
980 6 2  2 1 1 1 1  1 1 2 2  1 1 1  1 1  2   
-595 6 2  2 1 1 1 1  1 1 2 2  1 1 1  1 2  1   
665 6 2  2 1 1 1 1  1 1 2 2  1 1 1  1 2  2   
-910 6 2  2 1 1 1 1  1 1 2 2  1 1 2  1 2  1   
350 6 2  2 1 1 1 1  1 1 2 2  1 1 2  1 2  2   
-280 6 2  2 1 1 1 2  1 1 2 1  1 1 1  1 1  1   
-280 6 2  2 1 1 1 2  1 1 2 1  1 1 1  1 1  2   
35 6 2  2 1 1 1 2  1 1 2 1  1 1 1  1 2  1   
35 6 2  2 1 1 1 2  1 1 2 1  1 1 1  1 2  2   
350 6 2  2 1 1 1 2  1 1 2 1  1 1 2  1 2  1   
350 6 2  2 1 1 1 2  1 1 2 1  1 1 2  1 2  2   
-840 6 2  2 1 1 1 2  1 1 2 2  1 1 1  1 1  1   
-210 6 2  2 1 1 1 2  1 1 2 2  1 1 1  1 1  2   
-840 6 2  2 1 1 1 2  1 1 2 2  1 1 1  1 2  1   
-210 6 2  2 1 1 1 2  1 1 2 2  1 1 1  1 2  2   
-840 6 2  2 1 1 1 2  1 1 2 2  1 1 2  1 2  1   
-210 6 2  2 1 1 1 2  1 1 2 2  1 1 2  1 2  2   
-910 6 2  2 1 1 1 1  1 1 2 2  1 1 1  2 2  1   
350 6 2  2 1 1 1 1  1 1 2 2  1 1 1  2 2  2   
-910 6 2  2 1 1 1 1  1 1 2 2  1 1 2  2 1  1   
350 6 2  2 1 1 1 1  1 1 2 2  1 1 2  2 1  2   
-1225 6 2  2 1 1 1 1  1 1 2 2  1 1 2  2 2  1   
35 6 2  2 1 1 1 1  1 1 2 2  1 1 2  2 2  2   
35 6 2  2 1 1 1 2  1 1 2 1  1 1 1  2 1  1   
35 6 2  2 1 1 1 2  1 1 2 1  1 1 1  2 1  2   
350 6 2  2 1 1 1 2  1 1 2 1  1 1 1  2 2  1   
350 6 2  2 1 1 1 2  1 1 2 1  1 1 1  2 2  2   
350 6 2  2 1 1 1 2  1 1 2 1  1 1 2  2 1  1   
350 6 2  2 1 1 1 2  1 1 2 1  1 1 2  2 1  2   
665 6 2  2 1 1 1 2  1 1 2 1  1 1 2  2 2  1   
665 6 2  2 1 1 1 2  1 1 2 1  1 1 2  2 2  2   
-210 6 2  2 1 1 1 2  1 1 2 2  1 1 1  2 1  1   
420 6 2  2 1 1 1 2  1 1 2 2  1 1 1  2 1  2   
-210 6 2  2 1 1 1 2  1 1 2 2  1 1 1  2 2  1   
420 6 2  2 1 1 1 2  1 1 2 2  1 1 1  2 2  2   
-210 6 2  2 1 1 1 2  1 1 2 2  1 1 2  2 1  1   
420 6 2  2 1 1 1 2  1 1 2 2  1 1 2  2 1  2   
-210 6 2  2 1 1 1 2  1 1 2 2  1 1 2  2 2  1   
420 6 2  2 1 1 1 2  1 1 2 2  1 1 2  2 2  2   
-1540 6 2  2 1 1 1 1  1 1 2 2  1 2 2  2 2  1   
-280 6 2  2 1 1 1 1  1 1 2 2  1 2 2  2 2  2   
350 6 2  2 1 1 1 2  1 1 2 1  1 2 1  2 1  1   
350 6 2  2 1 1 1 2  1 1 2 1  1 2 1  2 1  2   
665 6 2  2 1 1 1 2  1 1 2 1  1 2 1  2 2  1   
665 6 2  2 1 1 1 2  1 1 2 1  1 2 1  2 2  2   
980 6 2  2 1 1 1 2  1 1 2 1  1 2 2  2 2  1   
980 6 2  2 1 1 1 2  1 1 2 1  1 2 2  2 2  2   
420 6 2  2 1 1 1 2  1 1 2 2  1 2 1  2 1  1   
1050 6 2  2 1 1 1 2  1 1 2 2  1 2 1  2 1  2   
420 6 2  2 1 1 1 2  1 1 2 2  1 2 1  2 2  1   
1050 6 2  2 1 1 1 2  1 1 2 2  1 2 1  2 2  2   
420 6 2  2 1 1 1 2  1 1 2 2  1 2 2  2 2  1   
1050 6 2  2 1 1 1 2  1 1 2 2  1 2 2  2 2  2   
-280 6 2  2 1 1 2 2  1 1 1 1  1 1 1  1 1  1   
980 6 2  2 1 1 2 2  1 1 1 1  1 1 1  1 1  2   
-595 6 2  2 1 1 2 2  1 1 1 1  1 1 1  1 2  1   
665 6 2  2 1 1 2 2  1 1 1 1  1 1 1  1 2  2   
-910 6 2  2 1 1 2 2  1 1 1 1  1 1 2  1 2  1   
350 6 2  2 1 1 2 2  1 1 1 1  1 1 2  1 2  2   
-840 6 2  2 1 1 2 2  1 1 1 2  1 1 1  1 1  1   
-210 6 2  2 1 1 2 2  1 1 1 2  1 1 1  1 1  2   
-840 6 2  2 1 1 2 2  1 1 1 2  1 1 1  1 2  1   
-210 6 2  2 1 1 2 2  1 1 1 2  1 1 1  1 2  2   
-840 6 2  2 1 1 2 2  1 1 1 2  1 1 2  1 2  1   
-210 6 2  2 1 1 2 2  1 1 1 2  1 1 2  1 2  2   
-910 6 2  2 1 1 2 2  1 1 1 1  1 1 1  2 2  1   
350 6 2  2 1 1 2 2  1 1 1 1  1 1 1  2 2  2   
-910 6 2  2 1 1 2 2  1 1 1 1  1 1 2  2 1  1   
350 6 2  2 1 1 2 2  1 1 1 1  1 1 2  2 1  2   
-1225 6 2  2 1 1 2 2  1 1 1 1  1 1 2  2 2  1   
35 6 2  2 1 1 2 2  1 1 1 1  1 1 2  2 2  2   
-210 6 2  2 1 1 2 2  1 1 1 2  1 1 1  2 1  1   
420 6 2  2 1 1 2 2  1 1 1 2  1 1 1  2 1  2   
-210 6 2  2 1 1 2 2  1 1 1 2  1 1 1  2 2  1   
420 6 2  2 1 1 2 2  1 1 1 2  1 1 1  2 2  2   
-210 6 2  2 1 1 2 2  1 1 1 2  1 1 2  2 1  1   
420 6 2  2 1 1 2 2  1 1 1 2  1 1 2  2 1  2   
-210 6 2  2 1 1 2 2  1 1 1 2  1 1 2  2 2  1   
420 6 2  2 1 1 2 2  1 1 1 2  1 1 2  2 2  2   
-1540 6 2  2 1 1 2 2  1 1 1 1  1 2 2  2 2  1   
-280 6 2  2 1 1 2 2  1 1 1 1  1 2 2  2 2  2   
420 6 2  2 1 1 2 2  1 1 1 2  1 2 1  2 1  1   
1050 6 2  2 1 1 2 2  1 1 1 2  1 2 1  2 1  2   
420 6 2  2 1 1 2 2  1 1 1 2  1 2 1  2 2  1   
1050 6 2  2 1 1 2 2  1 1 1 2  1 2 1  2 2  2   
420 6 2  2 1 1 2 2  1 1 1 2  1 2 2  2 2  1   
1050 6 2  2 1 1 2 2  1 1 1 2  1 2 2  2 2  2   
-1680 6 2  2 1 1 2 2  1 1 2 2  1 1 1  1 1  1   
-1050 6 2  2 1 1 2 2  1 1 2 2  1 1 1  1 2  1   
-420 6 2  2 1 1 2 2  1 1 2 2  1 1 2  1 2  1   
-420 6 2  2 1 1 2 2  1 1 2 2  1 1 1  2 2  1   
-420 6 2  2 1 1 2 2  1 1 2 2  1 1 2  2 1  1   
210 6 2  2 1 1 2 2  1 1 2 2  1 1 2  2 2  1   
840 6 2  2 1 1 2 2  1 1 2 2  1 2 2  2 2  1   
-840 6 2  2 1 1 1 1  1 1 1 2  2 2 1  2 1  1   
-210 6 2  2 1 1 1 1  1 1 1 2  2 2 1  2 1  2   
420 6 2  2 1 1 1 1  1 1 1 2  2 2 1  2 2  2   
-840 6 2  2 1 1 1 2  1 1 1 1  2 2 1  2 1  1   
-210 6 2  2 1 1 1 2  1 1 1 1  2 2 1  2 1  2   
420 6 2  2 1 1 1 2  1 1 1 1  2 2 1  2 2  2   
210 6 2  2 1 1 1 2  1 1 1 2  2 2 1  2 1  1   
840 6 2  2 1 1 1 2  1 1 1 2  2 2 1  2 1  2   
1470 6 2  2 1 1 1 2  1 1 1 2  2 2 1  2 2  2   
350 6 2  2 1 1 1 1  1 1 2 2  2 1 1  1 1  1   
1610 6 2  2 1 1 1 1  1 1 2 2  2 1 1  1 1  2   
35 6 2  2 1 1 1 1  1 1 2 2  2 1 1  1 2  1   
1295 6 2  2 1 1 1 1  1 1 2 2  2 1 1  1 2  2   
-280 6 2  2 1 1 1 1  1 1 2 2  2 1 2  1 2  1   
980 6 2  2 1 1 1 1  1 1 2 2  2 1 2  1 2  2   
-910 6 2  2 1 1 1 2  1 1 2 1  2 1 1  1 1  1   
-910 6 2  2 1 1 1 2  1 1 2 1  2 1 1  1 1  2   
-595 6 2  2 1 1 1 2  1 1 2 1  2 1 1  1 2  1   
-595 6 2  2 1 1 1 2  1 1 2 1  2 1 1  1 2  2   
-280 6 2  2 1 1 1 2  1 1 2 1  2 1 2  1 2  1   
-280 6 2  2 1 1 1 2  1 1 2 1  2 1 2  1 2  2   
-840 6 2  2 1 1 1 2  1 1 2 2  2 1 1  1 1  1   
-210 6 2  2 1 1 1 2  1 1 2 2  2 1 1  1 1  2   
-840 6 2  2 1 1 1 2  1 1 2 2  2 1 1  1 2  1   
-210 6 2  2 1 1 1 2  1 1 2 2  2 1 1  1 2  2   
-840 6 2  2 1 1 1 2  1 1 2 2  2 1 2  1 2  1   
-210 6 2  2 1 1 1 2  1 1 2 2  2 1 2  1 2  2   
-280 6 2  2 1 1 1 1  1 1 2 2  2 1 1  2 2  1   
980 6 2  2 1 1 1 1  1 1 2 2  2 1 1  2 2  2   
-280 6 2  2 1 1 1 1  1 1 2 2  2 1 2  2 1  1   
980 6 2  2 1 1 1 1  1 1 2 2  2 1 2  2 1  2   
-595 6 2  2 1 1 1 1  1 1 2 2  2 1 2  2 2  1   
665 6 2  2 1 1 1 1  1 1 2 2  2 1 2  2 2  2   
-595 6 2  2 1 1 1 2  1 1 2 1  2 1 1  2 1  1   
-595 6 2  2 1 1 1 2  1 1 2 1  2 1 1  2 1  2   
-280 6 2  2 1 1 1 2  1 1 2 1  2 1 1  2 2  1   
-280 6 2  2 1 1 1 2  1 1 2 1  2 1 1  2 2  2   
-280 6 2  2 1 1 1 2  1 1 2 1  2 1 2  2 1  1   
-280 6 2  2 1 1 1 2  1 1 2 1  2 1 2  2 1  2   
35 6 2  2 1 1 1 2  1 1 2 1  2 1 2  2 2  1   
35 6 2  2 1 1 1 2  1 1 2 1  2 1 2  2 2  2   
-210 6 2  2 1 1 1 2  1 1 2 2  2 1 1  2 1  1   
420 6 2  2 1 1 1 2  1 1 2 2  2 1 1  2 1  2   
-210 6 2  2 1 1 1 2  1 1 2 2  2 1 1  2 2  1   
420 6 2  2 1 1 1 2  1 1 2 2  2 1 1  2 2  2   
-210 6 2  2 1 1 1 2  1 1 2 2  2 1 2  2 1  1   
420 6 2  2 1 1 1 2  1 1 2 2  2 1 2  2 1  2   
-210 6 2  2 1 1 1 2  1 1 2 2  2 1 2  2 2  1   
420 6 2  2 1 1 1 2  1 1 2 2  2 1 2  2 2  2   
-910 6 2  2 1 1 1 1  1 1 2 2  2 2 2  2 2  1   
-280 6 2  2 1 1 1 2  1 1 2 1  2 2 1  2 1  1   
-280 6 2  2 1 1 1 2  1 1 2 1  2 2 1  2 1  2   
35 6 2  2 1 1 1 2  1 1 2 1  2 2 1  2 2  1   
35 6 2  2 1 1 1 2  1 1 2 1  2 2 1  2 2  2   
350 6 2  2 1 1 1 2  1 1 2 1  2 2 2  2 2  1   
420 6 2  2 1 1 1 2  1 1 2 2  2 2 1  2 1  1   
1050 6 2  2 1 1 1 2  1 1 2 2  2 2 1  2 1  2   
420 6 2  2 1 1 1 2  1 1 2 2  2 2 1  2 2  1   
1050 6 2  2 1 1 1 2  1 1 2 2  2 2 1  2 2  2   
420 6 2  2 1 1 1 2  1 1 2 2  2 2 2  2 2  1   
350 6 2  2 1 1 2 2  1 1 1 1  2 1 1  1 1  1   
1610 6 2  2 1 1 2 2  1 1 1 1  2 1 1  1 1  2   
35 6 2  2 1 1 2 2  1 1 1 1  2 1 1  1 2  1   
1295 6 2  2 1 1 2 2  1 1 1 1  2 1 1  1 2  2   
-280 6 2  2 1 1 2 2  1 1 1 1  2 1 2  1 2  1   
980 6 2  2 1 1 2 2  1 1 1 1  2 1 2  1 2  2   
-840 6 2  2 1 1 2 2  1 1 1 2  2 1 1  1 1  1   
-210 6 2  2 1 1 2 2  1 1 1 2  2 1 1  1 1  2   
-840 6 2  2 1 1 2 2  1 1 1 2  2 1 1  1 2  1   
-210 6 2  2 1 1 2 2  1 1 1 2  2 1 1  1 2  2   
-840 6 2  2 1 1 2 2  1 1 1 2  2 1 2  1 2  1   
-210 6 2  2 1 1 2 2  1 1 1 2  2 1 2  1 2  2   
-280 6 2  2 1 1 2 2  1 1 1 1  2 1 1  2 2  1   
980 6 2  2 1 1 2 2  1 1 1 1  2 1 1  2 2  2   
-280 6 2  2 1 1 2 2  1 1 1 1  2 1 2  2 1  1   
980 6 2  2 1 1 2 2  1 1 1 1  2 1 2  2 1  2   
-595 6 2  2 1 1 2 2  1 1 1 1  2 1 2  2 2  1   
665 6 2  2 1 1 2 2  1 1 1 1  2 1 2  2 2  2   
-210 6 2  2 1 1 2 2  1 1 1 2  2 1 1  2 1  1   
420 6 2  2 1 1 2 2  1 1 1 2  2 1 1  2 1  2   
-210 6 2  2 1 1 2 2  1 1 1 2  2 1 1  2 2  1   
420 6 2  2 1 1 2 2  1 1 1 2  2 1 1  2 2  2   
-210 6 2  2 1 1 2 2  1 1 1 2  2 1 2  2 1  1   
420 6 2  2 1 1 2 2  1 1 1 2  2 1 2  2 1  2   
-210 6 2  2 1 1 2 2  1 1 1 2  2 1 2  2 2  1   
420 6 2  2 1 1 2 2  1 1 1 2  2 1 2  2 2  2   
-910 6 2  2 1 1 2 2  1 1 1 1  2 2 2  2 2  1   
420 6 2  2 1 1 2 2  1 1 1 2  2 2 1  2 1  1   
1050 6 2  2 1 1 2 2  1 1 1 2  2 2 1  2 1  2   
420 6 2  2 1 1 2 2  1 1 1 2  2 2 1  2 2  1   
1050 6 2  2 1 1 2 2  1 1 1 2  2 2 1  2 2  2   
420 6 2  2 1 1 2 2  1 1 1 2  2 2 2  2 2  1   
-1050 6 2  2 1 1 2 2  1 1 2 2  2 1 1  1 1  1   
-420 6 2  2 1 1 2 2  1 1 2 2  2 1 1  1 2  1   
210 6 2  2 1 1 2 2  1 1 2 2  2 1 2  1 2  1   
210 6 2  2 1 1 2 2  1 1 2 2  2 1 1  2 2  1   
210 6 2  2 1 1 2 2  1 1 2 2  2 1 2  2 1  1   
840 6 2  2 1 1 2 2  1 1 2 2  2 1 2  2 2  1   
1470 6 2  2 1 1 2 2  1 1 2 2  2 2 2  2 2  1   
-280 6 2  2 1 1 1 2  1 2 2 2  1 1 1  1 1  1   
-595 6 2  2 1 1 1 2  1 2 2 2  1 1 1  1 1  2   
-910 6 2  2 1 1 1 2  1 2 2 2  1 1 1  1 2  2   
350 6 2  2 1 1 1 2  1 2 2 2  1 1 2  1 1  1   
35 6 2  2 1 1 1 2  1 2 2 2  1 1 2  1 1  2   
-280 6 2  2 1 1 1 2  1 2 2 2  1 1 2  1 2  2   
980 6 2  2 1 1 1 2  1 2 2 2  1 1 1  2 1  1   
665 6 2  2 1 1 1 2  1 2 2 2  1 1 1  2 1  2   
1610 6 2  2 1 1 1 2  1 2 2 2  1 1 2  2 1  1   
1295 6 2  2 1 1 1 2  1 2 2 2  1 1 2  2 1  2   
-595 6 2  2 1 1 1 2  1 2 2 2  1 2 1  1 1  1   
-910 6 2  2 1 1 1 2  1 2 2 2  1 2 1  1 1  2   
-910 6 2  2 1 1 1 2  1 2 2 2  1 2 1  1 2  1   
-1225 6 2  2 1 1 1 2  1 2 2 2  1 2 1  1 2  2   
35 6 2  2 1 1 1 2  1 2 2 2  1 2 2  1 1  1   
-280 6 2  2 1 1 1 2  1 2 2 2  1 2 2  1 1  2   
-280 6 2  2 1 1 1 2  1 2 2 2  1 2 2  1 2  1   
-595 6 2  2 1 1 1 2  1 2 2 2  1 2 2  1 2  2   
665 6 2  2 1 1 1 2  1 2 2 2  1 2 1  2 1  1   
350 6 2  2 1 1 1 2  1 2 2 2  1 2 1  2 1  2   
350 6 2  2 1 1 1 2  1 2 2 2  1 2 1  2 2  1   
1295 6 2  2 1 1 1 2  1 2 2 2  1 2 2  2 1  1   
980 6 2  2 1 1 1 2  1 2 2 2  1 2 2  2 1  2   
980 6 2  2 1 1 1 2  1 2 2 2  1 2 2  2 2  1   
-280 6 2  2 1 1 2 2  1 2 1 2  1 1 1  1 1  1   
35 6 2  2 1 1 2 2  1 2 1 2  1 1 1  1 1  2   
35 6 2  2 1 1 2 2  1 2 1 2  1 1 1  1 2  1   
350 6 2  2 1 1 2 2  1 2 1 2  1 1 1  1 2  2   
-910 6 2  2 1 1 2 2  1 2 1 2  1 1 2  1 1  1   
-595 6 2  2 1 1 2 2  1 2 1 2  1 1 2  1 1  2   
-595 6 2  2 1 1 2 2  1 2 1 2  1 1 2  1 2  1   
-280 6 2  2 1 1 2 2  1 2 1 2  1 1 2  1 2  2   
-280 6 2  2 1 1 2 2  1 2 1 2  1 1 1  2 1  1   
35 6 2  2 1 1 2 2  1 2 1 2  1 1 1  2 1  2   
35 6 2  2 1 1 2 2  1 2 1 2  1 1 1  2 2  1   
350 6 2  2 1 1 2 2  1 2 1 2  1 1 1  2 2  2   
-910 6 2  2 1 1 2 2  1 2 1 2  1 1 2  2 1  1   
-595 6 2  2 1 1 2 2  1 2 1 2  1 1 2  2 1  2   
-595 6 2  2 1 1 2 2  1 2 1 2  1 1 2  2 2  1   
-280 6 2  2 1 1 2 2  1 2 1 2  1 1 2  2 2  2   
35 6 2  2 1 1 2 2  1 2 1 2  1 2 1  1 1  1   
350 6 2  2 1 1 2 2  1 2 1 2  1 2 1  1 1  2   
350 6 2  2 1 1 2 2  1 2 1 2  1 2 1  1 2  1   
665 6 2  2 1 1 2 2  1 2 1 2  1 2 1  1 2  2   
-595 6 2  2 1 1 2 2  1 2 1 2  1 2 2  1 1  1   
-280 6 2  2 1 1 2 2  1 2 1 2  1 2 2  1 1  2   
-280 6 2  2 1 1 2 2  1 2 1 2  1 2 2  1 2  1   
35 6 2  2 1 1 2 2  1 2 1 2  1 2 2  1 2  2   
35 6 2  2 1 1 2 2  1 2 1 2  1 2 1  2 1  1   
350 6 2  2 1 1 2 2  1 2 1 2  1 2 1  2 1  2   
350 6 2  2 1 1 2 2  1 2 1 2  1 2 1  2 2  1   
665 6 2  2 1 1 2 2  1 2 1 2  1 2 1  2 2  2   
-595 6 2  2 1 1 2 2  1 2 1 2  1 2 2  2 1  1   
-280 6 2  2 1 1 2 2  1 2 1 2  1 2 2  2 1  2   
-280 6 2  2 1 1 2 2  1 2 1 2  1 2 2  2 2  1   
35 6 2  2 1 1 2 2  1 2 1 2  1 2 2  2 2  2   
-840 6 2  2 1 1 2 2  1 2 2 2  1 1 1  1 1  1   
-210 6 2  2 1 1 2 2  1 2 2 2  1 1 1  1 2  1   
-840 6 2  2 1 1 2 2  1 2 2 2  1 1 2  1 1  1   
-210 6 2  2 1 1 2 2  1 2 2 2  1 1 2  1 2  1   
420 6 2  2 1 1 2 2  1 2 2 2  1 1 1  2 2  1   
-210 6 2  2 1 1 2 2  1 2 2 2  1 1 2  2 1  1   
420 6 2  2 1 1 2 2  1 2 2 2  1 1 2  2 2  1   
-840 6 2  2 1 1 2 2  1 2 2 2  1 2 2  1 1  1   
-210 6 2  2 1 1 2 2  1 2 2 2  1 2 2  1 2  1   
420 6 2  2 1 1 2 2  1 2 2 2  1 2 2  2 2  1   
-910 6 2  2 1 1 1 2  1 2 2 2  2 2 1  1 1  1   
-1225 6 2  2 1 1 1 2  1 2 2 2  2 2 1  1 1  2   
-1540 6 2  2 1 1 1 2  1 2 2 2  2 2 1  1 2  2   
-280 6 2  2 1 1 1 2  1 2 2 2  2 2 2  1 1  1   
-595 6 2  2 1 1 1 2  1 2 2 2  2 2 2  1 1  2   
-910 6 2  2 1 1 1 2  1 2 2 2  2 2 2  1 2  2   
350 6 2  2 1 1 1 2  1 2 2 2  2 2 1  2 1  1   
35 6 2  2 1 1 1 2  1 2 2 2  2 2 1  2 1  2   
980 6 2  2 1 1 1 2  1 2 2 2  2 2 2  2 1  1   
665 6 2  2 1 1 1 2  1 2 2 2  2 2 2  2 1  2   
35 6 2  2 1 1 2 2  1 2 1 2  2 1 1  1 1  1   
350 6 2  2 1 1 2 2  1 2 1 2  2 1 1  1 1  2   
350 6 2  2 1 1 2 2  1 2 1 2  2 1 1  1 2  1   
665 6 2  2 1 1 2 2  1 2 1 2  2 1 1  1 2  2   
-595 6 2  2 1 1 2 2  1 2 1 2  2 1 2  1 1  1   
-280 6 2  2 1 1 2 2  1 2 1 2  2 1 2  1 1  2   
-280 6 2  2 1 1 2 2  1 2 1 2  2 1 2  1 2  1   
35 6 2  2 1 1 2 2  1 2 1 2  2 1 2  1 2  2   
35 6 2  2 1 1 2 2  1 2 1 2  2 1 1  2 1  1   
350 6 2  2 1 1 2 2  1 2 1 2  2 1 1  2 1  2   
350 6 2  2 1 1 2 2  1 2 1 2  2 1 1  2 2  1   
665 6 2  2 1 1 2 2  1 2 1 2  2 1 1  2 2  2   
-595 6 2  2 1 1 2 2  1 2 1 2  2 1 2  2 1  1   
-280 6 2  2 1 1 2 2  1 2 1 2  2 1 2  2 1  2   
-280 6 2  2 1 1 2 2  1 2 1 2  2 1 2  2 2  1   
35 6 2  2 1 1 2 2  1 2 1 2  2 1 2  2 2  2   
350 6 2  2 1 1 2 2  1 2 1 2  2 2 1  1 1  1   
665 6 2  2 1 1 2 2  1 2 1 2  2 2 1  1 1  2   
665 6 2  2 1 1 2 2  1 2 1 2  2 2 1  1 2  1   
980 6 2  2 1 1 2 2  1 2 1 2  2 2 1  1 2  2   
-280 6 2  2 1 1 2 2  1 2 1 2  2 2 2  1 1  1   
35 6 2  2 1 1 2 2  1 2 1 2  2 2 2  1 1  2   
35 6 2  2 1 1 2 2  1 2 1 2  2 2 2  1 2  1   
350 6 2  2 1 1 2 2  1 2 1 2  2 2 2  1 2  2   
350 6 2  2 1 1 2 2  1 2 1 2  2 2 1  2 1  1   
665 6 2  2 1 1 2 2  1 2 1 2  2 2 1  2 1  2   
665 6 2  2 1 1 2 2  1 2 1 2  2 2 1  2 2  1   
980 6 2  2 1 1 2 2  1 2 1 2  2 2 1  2 2  2   
-280 6 2  2 1 1 2 2  1 2 1 2  2 2 2  2 1  1   
35 6 2  2 1 1 2 2  1 2 1 2  2 2 2  2 1  2   
35 6 2  2 1 1 2 2  1 2 1 2  2 2 2  2 2  1   
-210 6 2  2 1 1 2 2  1 2 2 2  2 1 1  1 1  1   
420 6 2  2 1 1 2 2  1 2 2 2  2 1 1  1 2  1   
-210 6 2  2 1 1 2 2  1 2 2 2  2 1 2  1 1  1   
420 6 2  2 1 1 2 2  1 2 2 2  2 1 2  1 2  1   
1050 6 2  2 1 1 2 2  1 2 2 2  2 1 1  2 2  1   
420 6 2  2 1 1 2 2  1 2 2 2  2 1 2  2 1  1   
1050 6 2  2 1 1 2 2  1 2 2 2  2 1 2  2 2  1   
-210 6 2  2 1 1 2 2  1 2 2 2  2 2 2  1 1  1   
420 6 2  2 1 1 2 2  1 2 2 2  2 2 2  1 2  1   
1050 6 2  2 1 1 2 2  1 2 2 2  2 2 2  2 2  1   
-280 6 2  2 1 2 2 2  1 1 1 2  1 1 1  1 1  1   
-595 6 2  2 1 2 2 2  1 1 1 2  1 1 1  1 1  2   
-910 6 2  2 1 2 2 2  1 1 1 2  1 1 1  1 2  2   
350 6 2  2 1 2 2 2  1 1 1 2  1 1 2  1 1  1   
35 6 2  2 1 2 2 2  1 1 1 2  1 1 2  1 1  2   
-280 6 2  2 1 2 2 2  1 1 1 2  1 1 2  1 2  2   
980 6 2  2 1 2 2 2  1 1 1 2  1 1 1  2 1  1   
665 6 2  2 1 2 2 2  1 1 1 2  1 1 1  2 1  2   
1610 6 2  2 1 2 2 2  1 1 1 2  1 1 2  2 1  1   
1295 6 2  2 1 2 2 2  1 1 1 2  1 1 2  2 1  2   
-595 6 2  2 1 2 2 2  1 1 1 2  1 2 1  1 1  1   
-910 6 2  2 1 2 2 2  1 1 1 2  1 2 1  1 1  2   
-910 6 2  2 1 2 2 2  1 1 1 2  1 2 1  1 2  1   
-1225 6 2  2 1 2 2 2  1 1 1 2  1 2 1  1 2  2   
35 6 2  2 1 2 2 2  1 1 1 2  1 2 2  1 1  1   
-280 6 2  2 1 2 2 2  1 1 1 2  1 2 2  1 1  2   
-280 6 2  2 1 2 2 2  1 1 1 2  1 2 2  1 2  1   
-595 6 2  2 1 2 2 2  1 1 1 2  1 2 2  1 2  2   
665 6 2  2 1 2 2 2  1 1 1 2  1 2 1  2 1  1   
350 6 2  2 1 2 2 2  1 1 1 2  1 2 1  2 1  2   
350 6 2  2 1 2 2 2  1 1 1 2  1 2 1  2 2  1   
1295 6 2  2 1 2 2 2  1 1 1 2  1 2 2  2 1  1   
980 6 2  2 1 2 2 2  1 1 1 2  1 2 2  2 1  2   
980 6 2  2 1 2 2 2  1 1 1 2  1 2 2  2 2  1   
-840 6 2  2 1 2 2 2  1 1 2 2  1 1 1  1 1  1   
-210 6 2  2 1 2 2 2  1 1 2 2  1 1 1  1 2  1   
-840 6 2  2 1 2 2 2  1 1 2 2  1 1 2  1 1  1   
-210 6 2  2 1 2 2 2  1 1 2 2  1 1 2  1 2  1   
420 6 2  2 1 2 2 2  1 1 2 2  1 1 1  2 2  1   
-210 6 2  2 1 2 2 2  1 1 2 2  1 1 2  2 1  1   
420 6 2  2 1 2 2 2  1 1 2 2  1 1 2  2 2  1   
-840 6 2  2 1 2 2 2  1 1 2 2  1 2 2  1 1  1   
-210 6 2  2 1 2 2 2  1 1 2 2  1 2 2  1 2  1   
420 6 2  2 1 2 2 2  1 1 2 2  1 2 2  2 2  1   
-910 6 2  2 1 2 2 2  1 1 1 2  2 2 1  1 1  1   
-1225 6 2  2 1 2 2 2  1 1 1 2  2 2 1  1 1  2   
-1540 6 2  2 1 2 2 2  1 1 1 2  2 2 1  1 2  2   
-280 6 2  2 1 2 2 2  1 1 1 2  2 2 2  1 1  1   
-595 6 2  2 1 2 2 2  1 1 1 2  2 2 2  1 1  2   
-910 6 2  2 1 2 2 2  1 1 1 2  2 2 2  1 2  2   
350 6 2  2 1 2 2 2  1 1 1 2  2 2 1  2 1  1   
35 6 2  2 1 2 2 2  1 1 1 2  2 2 1  2 1  2   
980 6 2  2 1 2 2 2  1 1 1 2  2 2 2  2 1  1   
665 6 2  2 1 2 2 2  1 1 1 2  2 2 2  2 1  2   
-210 6 2  2 1 2 2 2  1 1 2 2  2 1 1  1 1  1   
420 6 2  2 1 2 2 2  1 1 2 2  2 1 1  1 2  1   
-210 6 2  2 1 2 2 2  1 1 2 2  2 1 2  1 1  1   
420 6 2  2 1 2 2 2  1 1 2 2  2 1 2  1 2  1   
1050 6 2  2 1 2 2 2  1 1 2 2  2 1 1  2 2  1   
420 6 2  2 1 2 2 2  1 1 2 2  2 1 2  2 1  1   
1050 6 2  2 1 2 2 2  1 1 2 2  2 1 2  2 2  1   
-210 6 2  2 1 2 2 2  1 1 2 2  2 2 2  1 1  1   
420 6 2  2 1 2 2 2  1 1 2 2  2 2 2  1 2  1   
1050 6 2  2 1 2 2 2  1 1 2 2  2 2 2  2 2  1   
-1680 6 2  2 1 2 2 2  1 2 2 2  1 1 1  1 1  1   
-1050 6 2  2 1 2 2 2  1 2 2 2  1 1 2  1 1  1   
-420 6 2  2 1 2 2 2  1 2 2 2  1 2 2  1 1  1   
210 6 2  2 1 2 2 2  1 2 2 2  2 2 2  1 1  1   
-280 6 2  2 1 1 2 2  2 2 2 2  1 1 1  1 1  1   
-595 6 2  2 1 1 2 2  2 2 2 2  1 1 1  1 2  1   
-910 6 2  2 1 1 2 2  2 2 2 2  1 1 2  1 2  1   
-910 6 2  2 1 1 2 2  2 2 2 2  1 1 1  2 2  1   
-910 6 2  2 1 1 2 2  2 2 2 2  1 1 2  2 1  1   
-1225 6 2  2 1 1 2 2  2 2 2 2  1 1 2  2 2  1   
-1540 6 2  2 1 1 2 2  2 2 2 2  1 2 2  2 2  1   
980 6 2  2 1 1 2 2  2 2 2 2  2 1 1  1 1  1   
665 6 2  2 1 1 2 2  2 2 2 2  2 1 1  1 2  1   
350 6 2  2 1 1 2 2  2 2 2 2  2 1 1  2 2  1   
350 6 2  2 1 1 2 2  2 2 2 2  2 1 2  2 1  1   
-280 6 2  2 1 2 2 2  2 1 2 2  1 1 1  1 1  1   
35 6 2  2 1 2 2 2  2 1 2 2  1 1 1  1 2  1   
35 6 2  2 1 2 2 2  2 1 2 2  1 1 2  1 1  1   
350 6 2  2 1 2 2 2  2 1 2 2  1 1 2  1 2  1   
350 6 2  2 1 2 2 2  2 1 2 2  1 1 1  2 2  1   
350 6 2  2 1 2 2 2  2 1 2 2  1 1 2  2 1  1   
665 6 2  2 1 2 2 2  2 1 2 2  1 1 2  2 2  1   
350 6 2  2 1 2 2 2  2 1 2 2  1 2 2  1 1  1   
665 6 2  2 1 2 2 2  2 1 2 2  1 2 2  1 2  1   
980 6 2  2 1 2 2 2  2 1 2 2  1 2 2  2 2  1   
-280 6 2  2 1 2 2 2  2 1 2 2  2 1 1  1 1  1   
35 6 2  2 1 2 2 2  2 1 2 2  2 1 1  1 2  1   
35 6 2  2 1 2 2 2  2 1 2 2  2 1 2  1 1  1   
350 6 2  2 1 2 2 2  2 1 2 2  2 1 2  1 2  1   
350 6 2  2 1 2 2 2  2 1 2 2  2 1 1  2 2  1   
350 6 2  2 1 2 2 2  2 1 2 2  2 1 2  2 1  1   
665 6 2  2 1 2 2 2  2 1 2 2  2 1 2  2 2  1   
350 6 2  2 1 2 2 2  2 1 2 2  2 2 2  1 1  1   
665 6 2  2 1 2 2 2  2 1 2 2  2 2 2  1 2  1   
980 6 2  2 1 2 2 2  2 1 2 2  2 2 2  2 2  1   
-840 6 2  2 1 2 2 2  2 2 2 2  1 1 1  1 1  1   
-210 6 2  2 1 2 2 2  2 2 2 2  1 1 2  1 1  1   
420 6 2  2 1 2 2 2  2 2 2 2  1 2 2  1 1  1   
1050 6 2  2 1 2 2 2  2 2 2 2  2 2 2  1 1  1   
-280 6 2  2 2 2 2 2  1 1 2 2  1 1 1  1 1  1   
-595 6 2  2 2 2 2 2  1 1 2 2  1 1 1  1 2  1   
-910 6 2  2 2 2 2 2  1 1 2 2  1 1 2  1 2  1   
-910 6 2  2 2 2 2 2  1 1 2 2  1 1 1  2 2  1   
-910 6 2  2 2 2 2 2  1 1 2 2  1 1 2  2 1  1   
-1225 6 2  2 2 2 2 2  1 1 2 2  1 1 2  2 2  1   
-1540 6 2  2 2 2 2 2  1 1 2 2  1 2 2  2 2  1   
980 6 2  2 2 2 2 2  1 1 2 2  2 1 1  1 1  1   
665 6 2  2 2 2 2 2  1 1 2 2  2 1 1  1 2  1   
350 6 2  2 2 2 2 2  1 1 2 2  2 1 1  2 2  1   
350 6 2  2 2 2 2 2  1 1 2 2  2 1 2  2 1  1   
-840 6 2  2 2 2 2 2  1 2 2 2  1 1 1  1 1  1   
-210 6 2  2 2 2 2 2  1 2 2 2  1 1 2  1 1  1   
420 6 2  2 2 2 2 2  1 2 2 2  1 2 2  1 1  1   
1050 6 2  2 2 2 2 2  1 2 2 2  2 2 2  1 1  1   
-1680 6 2  2 2 2 2 2  2 2 2 2  1 1 1  1 1  1   
