-4.666666666666662 6 2  2 1 1 1 1  1 1 1 1  1 1 1  1 1  1   
-2.916666666666669 6 2  2 1 1 1 1  1 1 1 1  1 1 1  1 1  2   
-1.1666666666666758 6 2  2 1 1 1 1  1 1 1 1  1 1 1  1 2  2   
0.5833333333333379 6 2  2 1 1 1 1  1 1 1 1  1 1 2  1 2  2   
-2.333333333333331 6 2  2 1 1 1 1  1 1 1 2  1 1 1  1 1  1   
-0.5833333333333379 6 2  2 1 1 1 1  1 1 1 2  1 1 1  1 1  2   
1.1666666666666758 6 2  2 1 1 1 1  1 1 1 2  1 1 1  1 2  2   
2.916666666666669 6 2  2 1 1 1 1  1 1 1 2  1 1 2  1 2  2   
-4.666666666666662 6 2  2 1 1 1 2  1 1 1 1  1 1 1  1 1  1   
-2.916666666666669 6 2  2 1 1 1 2  1 1 1 1  1 1 1  1 1  2   
-1.1666666666666758 6 2  2 1 1 1 2  1 1 1 1  1 1 1  1 2  2   
0.5833333333333379 6 2  2 1 1 1 2  1 1 1 1  1 1 2  1 2  2   
-2.333333333333331 6 2  2 1 1 1 2  1 1 1 2  1 1 1  1 1  1   
-0.5833333333333379 6 2  2 1 1 1 2  1 1 1 2  1 1 1  1 1  2   
1.1666666666666758 6 2  2 1 1 1 2  1 1 1 2  1 1 1  1 2  2   
2.916666666666669 6 2  2 1 1 1 2  1 1 1 2  1 1 2  1 2  2   
0.5833333333333379 6 2  2 1 1 1 1  1 1 1 1  1 1 1  2 2  2   
-1.1666666666666758 6 2  2 1 1 1 1  1 1 1 1  1 1 2  2 1  1   
0.5833333333333379 6 2  2 1 1 1 1  1 1 1 1  1 1 2  2 1  2   
2.333333333333331 6 2  2 1 1 1 1  1 1 1 1  1 1 2  2 2  2   
-2.333333333333331 6 2  2 1 1 1 1  1 1 1 2  1 1 1  2 1  1   
-0.5833333333333379 6 2  2 1 1 1 1  1 1 1 2  1 1 1  2 1  2   
1.1666666666666758 6 2  2 1 1 1 1  1 1 1 2  1 1 1  2 2  2   
-0.5833333333333379 6 2  2 1 1 1 1  1 1 1 2  1 1 2  2 1  1   
1.1666666666666758 6 2  2 1 1 1 1  1 1 1 2  1 1 2  2 1  2   
2.916666666666669 6 2  2 1 1 1 1  1 1 1 2  1 1 2  2 2  2   
-2.916666666666669 6 2  2 1 1 1 2  1 1 1 1  1 1 1  2 1  1   
-1.1666666666666758 6 2  2 1 1 1 2  1 1 1 1  1 1 1  2 1  2   
0.5833333333333379 6 2  2 1 1 1 2  1 1 1 1  1 1 1  2 2  2   
-1.1666666666666758 6 2  2 1 1 1 2  1 1 1 1  1 1 2  2 1  1   
0.5833333333333379 6 2  2 1 1 1 2  1 1 1 1  1 1 2  2 1  2   
2.333333333333331 6 2  2 1 1 1 2  1 1 1 1  1 1 2  2 2  2   
-2.333333333333331 6 2  2 1 1 1 2  1 1 1 2  1 1 1  2 1  1   
-0.5833333333333379 6 2  2 1 1 1 2  1 1 1 2  1 1 1  2 1  2   
1.1666666666666758 6 2  2 1 1 1 2  1 1 1 2  1 1 1  2 2  2   
-0.5833333333333379 6 2  2 1 1 1 2  1 1 1 2  1 1 2  2 1  1   
1.1666666666666758 6 2  2 1 1 1 2  1 1 1 2  1 1 2  2 1  2   
2.916666666666669 6 2  2 1 1 1 2  1 1 1 2  1 1 2  2 2  2   
2.333333333333331 6 2  2 1 1 1 1  1 1 1 1  1 2 2  2 2  1   
4.083333333333324 6 2  2 1 1 1 1  1 1 1 1  1 2 2  2 2  2   
-2.333333333333331 6 2  2 1 1 1 1  1 1 1 2  1 2 1  2 1  1   
-0.5833333333333379 6 2  2 1 1 1 1  1 1 1 2  1 2 1  2 1  2   
-0.5833333333333379 6 2  2 1 1 1 1  1 1 1 2  1 2 1  2 2  1   
1.1666666666666758 6 2  2 1 1 1 1  1 1 1 2  1 2 1  2 2  2   
1.1666666666666758 6 2  2 1 1 1 1  1 1 1 2  1 2 2  2 2  1   
2.916666666666669 6 2  2 1 1 1 1  1 1 1 2  1 2 2  2 2  2   
-1.1666666666666758 6 2  2 1 1 1 2  1 1 1 1  1 2 1  2 1  1   
0.5833333333333379 6 2  2 1 1 1 2  1 1 1 1  1 2 1  2 1  2   
0.5833333333333379 6 2  2 1 1 1 2  1 1 1 1  1 2 1  2 2  1   
2.333333333333331 6 2  2 1 1 1 2  1 1 1 1  1 2 1  2 2  2   
2.333333333333331 6 2  2 1 1 1 2  1 1 1 1  1 2 2  2 2  1   
4.083333333333324 6 2  2 1 1 1 2  1 1 1 1  1 2 2  2 2  2   
-2.333333333333331 6 2  2 1 1 1 2  1 1 1 2  1 2 1  2 1  1   
-0.5833333333333379 6 2  2 1 1 1 2  1 1 1 2  1 2 1  2 1  2   
-0.5833333333333379 6 2  2 1 1 1 2  1 1 1 2  1 2 1  2 2  1   
1.1666666666666758 6 2  2 1 1 1 2  1 1 1 2  1 2 1  2 2  2   
1.1666666666666758 6 2  2 1 1 1 2  1 1 1 2  1 2 2  2 2  1   
2.916666666666669 6 2  2 1 1 1 2  1 1 1 2  1 2 2  2 2  2   
-0.777777777777777 6 2  2 1 1 1 1  1 1 2 2  1 1 1  1 1  1   
2.7222222222222303 6 2  2 1 1 1 1  1 1 2 2  1 1 1  1 1  2   
-1.652777777777784 6 2  2 1 1 1 1  1 1 2 2  1 1 1  1 2  1   
1.8472222222222232 6 2  2 1 1 1 1  1 1 2 2  1 1 1  1 2  2   
-2.52777777777777 6 2  2 1 1 1 1  1 1 2 2  1 1 2  1 2  1   
0.9722222222222161 6 2  2 1 1 1 1  1 1 2 2  1 1 2  1 2  2   
-2.333333333333331 6 2  2 1 1 1 2  1 1 2 1  1 1 1  1 1  1   
-0.5833333333333379 6 2  2 1 1 1 2  1 1 2 1  1 1 1  1 1  2   
-2.333333333333331 6 2  2 1 1 1 2  1 1 2 1  1 1 1  1 2  1   
-0.5833333333333379 6 2  2 1 1 1 2  1 1 2 1  1 1 1  1 2  2   
-2.333333333333331 6 2  2 1 1 1 2  1 1 2 1  1 1 2  1 2  1   
-0.5833333333333379 6 2  2 1 1 1 2  1 1 2 1  1 1 2  1 2  2   
-0.777777777777777 6 2  2 1 1 1 2  1 1 2 2  1 1 1  1 1  1   
-0.777777777777777 6 2  2 1 1 1 2  1 1 2 2  1 1 1  1 1  2   
0.09722222222223 6 2  2 1 1 1 2  1 1 2 2  1 1 1  1 2  1   
0.09722222222223 6 2  2 1 1 1 2  1 1 2 2  1 1 1  1 2  2   
0.9722222222222161 6 2  2 1 1 1 2  1 1 2 2  1 1 2  1 2  1   
0.9722222222222161 6 2  2 1 1 1 2  1 1 2 2  1 1 2  1 2  2   
-2.52777777777777 6 2  2 1 1 1 1  1 1 2 2  1 1 1  2 2  1   
0.9722222222222161 6 2  2 1 1 1 1  1 1 2 2  1 1 1  2 2  2   
-2.52777777777777 6 2  2 1 1 1 1  1 1 2 2  1 1 2  2 1  1   
0.9722222222222161 6 2  2 1 1 1 1  1 1 2 2  1 1 2  2 1  2   
-3.4027777777777772 6 2  2 1 1 1 1  1 1 2 2  1 1 2  2 2  1   
0.09722222222223 6 2  2 1 1 1 1  1 1 2 2  1 1 2  2 2  2   
-0.5833333333333379 6 2  2 1 1 1 2  1 1 2 1  1 1 1  2 1  1   
1.1666666666666758 6 2  2 1 1 1 2  1 1 2 1  1 1 1  2 1  2   
-0.5833333333333379 6 2  2 1 1 1 2  1 1 2 1  1 1 1  2 2  1   
1.1666666666666758 6 2  2 1 1 1 2  1 1 2 1  1 1 1  2 2  2   
-0.5833333333333379 6 2  2 1 1 1 2  1 1 2 1  1 1 2  2 1  1   
1.1666666666666758 6 2  2 1 1 1 2  1 1 2 1  1 1 2  2 1  2   
-0.5833333333333379 6 2  2 1 1 1 2  1 1 2 1  1 1 2  2 2  1   
1.1666666666666758 6 2  2 1 1 1 2  1 1 2 1  1 1 2  2 2  2   
0.09722222222223 6 2  2 1 1 1 2  1 1 2 2  1 1 1  2 1  1   
0.09722222222223 6 2  2 1 1 1 2  1 1 2 2  1 1 1  2 1  2   
0.9722222222222161 6 2  2 1 1 1 2  1 1 2 2  1 1 1  2 2  1   
0.9722222222222161 6 2  2 1 1 1 2  1 1 2 2  1 1 1  2 2  2   
0.9722222222222161 6 2  2 1 1 1 2  1 1 2 2  1 1 2  2 1  1   
0.9722222222222161 6 2  2 1 1 1 2  1 1 2 2  1 1 2  2 1  2   
1.8472222222222232 6 2  2 1 1 1 2  1 1 2 2  1 1 2  2 2  1   
1.8472222222222232 6 2  2 1 1 1 2  1 1 2 2  1 1 2  2 2  2   
-4.277777777777784 6 2  2 1 1 1 1  1 1 2 2  1 2 2  2 2  1   
-0.777777777777777 6 2  2 1 1 1 1  1 1 2 2  1 2 2  2 2  2   
1.1666666666666758 6 2  2 1 1 1 2  1 1 2 1  1 2 1  2 1  1   
2.916666666666669 6 2  2 1 1 1 2  1 1 2 1  1 2 1  2 1  2   
1.1666666666666758 6 2  2 1 1 1 2  1 1 2 1  1 2 1  2 2  1   
2.916666666666669 6 2  2 1 1 1 2  1 1 2 1  1 2 1  2 2  2   
1.1666666666666758 6 2  2 1 1 1 2  1 1 2 1  1 2 2  2 2  1   
2.916666666666669 6 2  2 1 1 1 2  1 1 2 1  1 2 2  2 2  2   
0.9722222222222161 6 2  2 1 1 1 2  1 1 2 2  1 2 1  2 1  1   
0.9722222222222161 6 2  2 1 1 1 2  1 1 2 2  1 2 1  2 1  2   
1.8472222222222232 6 2  2 1 1 1 2  1 1 2 2  1 2 1  2 2  1   
1.8472222222222232 6 2  2 1 1 1 2  1 1 2 2  1 2 1  2 2  2   
2.7222222222222303 6 2  2 1 1 1 2  1 1 2 2  1 2 2  2 2  1   
2.7222222222222303 6 2  2 1 1 1 2  1 1 2 2  1 2 2  2 2  2   
-4.666666666666662 6 2  2 1 1 2 2  1 1 1 1  1 1 1  1 1  1   
-2.916666666666669 6 2  2 1 1 2 2  1 1 1 1  1 1 1  1 1  2   
-2.916666666666669 6 2  2 1 1 2 2  1 1 1 1  1 1 1  1 2  1   
-1.1666666666666758 6 2  2 1 1 2 2  1 1 1 1  1 1 1  1 2  2   
-1.1666666666666758 6 2  2 1 1 2 2  1 1 1 1  1 1 2  1 2  1   
0.5833333333333379 6 2  2 1 1 2 2  1 1 1 1  1 1 2  1 2  2   
-2.333333333333331 6 2  2 1 1 2 2  1 1 1 2  1 1 1  1 1  1   
-0.5833333333333379 6 2  2 1 1 2 2  1 1 1 2  1 1 1  1 1  2   
-0.5833333333333379 6 2  2 1 1 2 2  1 1 1 2  1 1 1  1 2  1   
1.1666666666666758 6 2  2 1 1 2 2  1 1 1 2  1 1 1  1 2  2   
1.1666666666666758 6 2  2 1 1 2 2  1 1 1 2  1 1 2  1 2  1   
2.916666666666669 6 2  2 1 1 2 2  1 1 1 2  1 1 2  1 2  2   
-1.1666666666666758 6 2  2 1 1 2 2  1 1 1 1  1 1 1  2 2  1   
0.5833333333333379 6 2  2 1 1 2 2  1 1 1 1  1 1 1  2 2  2   
-1.1666666666666758 6 2  2 1 1 2 2  1 1 1 1  1 1 2  2 1  1   
0.5833333333333379 6 2  2 1 1 2 2  1 1 1 1  1 1 2  2 1  2   
0.5833333333333379 6 2  2 1 1 2 2  1 1 1 1  1 1 2  2 2  1   
2.333333333333331 6 2  2 1 1 2 2  1 1 1 1  1 1 2  2 2  2   
-2.333333333333331 6 2  2 1 1 2 2  1 1 1 2  1 1 1  2 1  1   
-0.5833333333333379 6 2  2 1 1 2 2  1 1 1 2  1 1 1  2 1  2   
-0.5833333333333379 6 2  2 1 1 2 2  1 1 1 2  1 1 1  2 2  1   
1.1666666666666758 6 2  2 1 1 2 2  1 1 1 2  1 1 1  2 2  2   
-0.5833333333333379 6 2  2 1 1 2 2  1 1 1 2  1 1 2  2 1  1   
1.1666666666666758 6 2  2 1 1 2 2  1 1 1 2  1 1 2  2 1  2   
1.1666666666666758 6 2  2 1 1 2 2  1 1 1 2  1 1 2  2 2  1   
2.916666666666669 6 2  2 1 1 2 2  1 1 1 2  1 1 2  2 2  2   
2.333333333333331 6 2  2 1 1 2 2  1 1 1 1  1 2 2  2 2  1   
4.083333333333324 6 2  2 1 1 2 2  1 1 1 1  1 2 2  2 2  2   
-2.333333333333331 6 2  2 1 1 2 2  1 1 1 2  1 2 1  2 1  1   
-0.5833333333333379 6 2  2 1 1 2 2  1 1 1 2  1 2 1  2 1  2   
-0.5833333333333379 6 2  2 1 1 2 2  1 1 1 2  1 2 1  2 2  1   
1.1666666666666758 6 2  2 1 1 2 2  1 1 1 2  1 2 1  2 2  2   
1.1666666666666758 6 2  2 1 1 2 2  1 1 1 2  1 2 2  2 2  1   
2.916666666666669 6 2  2 1 1 2 2  1 1 1 2  1 2 2  2 2  2   
-0.777777777777777 6 2  2 1 1 2 2  1 1 2 2  1 1 1  1 1  1   
-1.652777777777784 6 2  2 1 1 2 2  1 1 2 2  1 1 1  1 2  1   
-2.52777777777777 6 2  2 1 1 2 2  1 1 2 2  1 1 2  1 2  1   
-2.52777777777777 6 2  2 1 1 2 2  1 1 2 2  1 1 1  2 2  1   
-2.52777777777777 6 2  2 1 1 2 2  1 1 2 2  1 1 2  2 1  1   
-3.4027777777777772 6 2  2 1 1 2 2  1 1 2 2  1 1 2  2 2  1   
-4.277777777777784 6 2  2 1 1 2 2  1 1 2 2  1 2 2  2 2  1   
-2.333333333333331 6 2  2 1 1 1 1  1 1 1 2  2 2 1  2 1  1   
-0.5833333333333379 6 2  2 1 1 1 1  1 1 1 2  2 2 1  2 1  2   
1.1666666666666758 6 2  2 1 1 1 1  1 1 1 2  2 2 1  2 2  2   
0.5833333333333379 6 2  2 1 1 1 2  1 1 1 1  2 2 1  2 1  1   
2.333333333333331 6 2  2 1 1 1 2  1 1 1 1  2 2 1  2 1  2   
4.083333333333324 6 2  2 1 1 1 2  1 1 1 1  2 2 1  2 2  2   
-2.333333333333331 6 2  2 1 1 1 2  1 1 1 2  2 2 1  2 1  1   
-0.5833333333333379 6 2  2 1 1 1 2  1 1 1 2  2 2 1  2 1  2   
1.1666666666666758 6 2  2 1 1 1 2  1 1 1 2  2 2 1  2 2  2   
0.9722222222222161 6 2  2 1 1 1 1  1 1 2 2  2 1 1  1 1  1   
4.472222222222223 6 2  2 1 1 1 1  1 1 2 2  2 1 1  1 1  2   
0.09722222222223 6 2  2 1 1 1 1  1 1 2 2  2 1 1  1 2  1   
3.597222222222216 6 2  2 1 1 1 1  1 1 2 2  2 1 1  1 2  2   
-0.777777777777777 6 2  2 1 1 1 1  1 1 2 2  2 1 2  1 2  1   
2.7222222222222303 6 2  2 1 1 1 1  1 1 2 2  2 1 2  1 2  2   
-2.333333333333331 6 2  2 1 1 1 2  1 1 2 1  2 1 1  1 1  1   
-0.5833333333333379 6 2  2 1 1 1 2  1 1 2 1  2 1 1  1 1  2   
-2.333333333333331 6 2  2 1 1 1 2  1 1 2 1  2 1 1  1 2  1   
-0.5833333333333379 6 2  2 1 1 1 2  1 1 2 1  2 1 1  1 2  2   
-2.333333333333331 6 2  2 1 1 1 2  1 1 2 1  2 1 2  1 2  1   
-0.5833333333333379 6 2  2 1 1 1 2  1 1 2 1  2 1 2  1 2  2   
-2.52777777777777 6 2  2 1 1 1 2  1 1 2 2  2 1 1  1 1  1   
-2.52777777777777 6 2  2 1 1 1 2  1 1 2 2  2 1 1  1 1  2   
-1.652777777777784 6 2  2 1 1 1 2  1 1 2 2  2 1 1  1 2  1   
-1.652777777777784 6 2  2 1 1 1 2  1 1 2 2  2 1 1  1 2  2   
-0.777777777777777 6 2  2 1 1 1 2  1 1 2 2  2 1 2  1 2  1   
-0.777777777777777 6 2  2 1 1 1 2  1 1 2 2  2 1 2  1 2  2   
-0.777777777777777 6 2  2 1 1 1 1  1 1 2 2  2 1 1  2 2  1   
2.7222222222222303 6 2  2 1 1 1 1  1 1 2 2  2 1 1  2 2  2   
-0.777777777777777 6 2  2 1 1 1 1  1 1 2 2  2 1 2  2 1  1   
2.7222222222222303 6 2  2 1 1 1 1  1 1 2 2  2 1 2  2 1  2   
-1.652777777777784 6 2  2 1 1 1 1  1 1 2 2  2 1 2  2 2  1   
1.8472222222222232 6 2  2 1 1 1 1  1 1 2 2  2 1 2  2 2  2   
-0.5833333333333379 6 2  2 1 1 1 2  1 1 2 1  2 1 1  2 1  1   
1.1666666666666758 6 2  2 1 1 1 2  1 1 2 1  2 1 1  2 1  2   
-0.5833333333333379 6 2  2 1 1 1 2  1 1 2 1  2 1 1  2 2  1   
1.1666666666666758 6 2  2 1 1 1 2  1 1 2 1  2 1 1  2 2  2   
-0.5833333333333379 6 2  2 1 1 1 2  1 1 2 1  2 1 2  2 1  1   
1.1666666666666758 6 2  2 1 1 1 2  1 1 2 1  2 1 2  2 1  2   
-0.5833333333333379 6 2  2 1 1 1 2  1 1 2 1  2 1 2  2 2  1   
1.1666666666666758 6 2  2 1 1 1 2  1 1 2 1  2 1 2  2 2  2   
-1.652777777777784 6 2  2 1 1 1 2  1 1 2 2  2 1 1  2 1  1   
-1.652777777777784 6 2  2 1 1 1 2  1 1 2 2  2 1 1  2 1  2   
-0.777777777777777 6 2  2 1 1 1 2  1 1 2 2  2 1 1  2 2  1   
-0.777777777777777 6 2  2 1 1 1 2  1 1 2 2  2 1 1  2 2  2   
-0.777777777777777 6 2  2 1 1 1 2  1 1 2 2  2 1 2  2 1  1   
-0.777777777777777 6 2  2 1 1 1 2  1 1 2 2  2 1 2  2 1  2   
0.09722222222223 6 2  2 1 1 1 2  1 1 2 2  2 1 2  2 2  1   
0.09722222222223 6 2  2 1 1 1 2  1 1 2 2  2 1 2  2 2  2   
-2.52777777777777 6 2  2 1 1 1 1  1 1 2 2  2 2 2  2 2  1   
1.1666666666666758 6 2  2 1 1 1 2  1 1 2 1  2 2 1  2 1  1   
2.916666666666669 6 2  2 1 1 1 2  1 1 2 1  2 2 1  2 1  2   
1.1666666666666758 6 2  2 1 1 1 2  1 1 2 1  2 2 1  2 2  1   
2.916666666666669 6 2  2 1 1 1 2  1 1 2 1  2 2 1  2 2  2   
1.1666666666666758 6 2  2 1 1 1 2  1 1 2 1  2 2 2  2 2  1   
-0.777777777777777 6 2  2 1 1 1 2  1 1 2 2  2 2 1  2 1  1   
-0.777777777777777 6 2  2 1 1 1 2  1 1 2 2  2 2 1  2 1  2   
0.09722222222223 6 2  2 1 1 1 2  1 1 2 2  2 2 1  2 2  1   
0.09722222222223 6 2  2 1 1 1 2  1 1 2 2  2 2 1  2 2  2   
0.9722222222222161 6 2  2 1 1 1 2  1 1 2 2  2 2 2  2 2  1   
-2.916666666666669 6 2  2 1 1 2 2  1 1 1 1  2 1 1  1 1  1   
-1.1666666666666758 6 2  2 1 1 2 2  1 1 1 1  2 1 1  1 1  2   
-1.1666666666666758 6 2  2 1 1 2 2  1 1 1 1  2 1 1  1 2  1   
0.5833333333333379 6 2  2 1 1 2 2  1 1 1 1  2 1 1  1 2  2   
0.5833333333333379 6 2  2 1 1 2 2  1 1 1 1  2 1 2  1 2  1   
2.333333333333331 6 2  2 1 1 2 2  1 1 1 1  2 1 2  1 2  2   
-2.333333333333331 6 2  2 1 1 2 2  1 1 1 2  2 1 1  1 1  1   
-0.5833333333333379 6 2  2 1 1 2 2  1 1 1 2  2 1 1  1 1  2   
-0.5833333333333379 6 2  2 1 1 2 2  1 1 1 2  2 1 1  1 2  1   
1.1666666666666758 6 2  2 1 1 2 2  1 1 1 2  2 1 1  1 2  2   
1.1666666666666758 6 2  2 1 1 2 2  1 1 1 2  2 1 2  1 2  1   
2.916666666666669 6 2  2 1 1 2 2  1 1 1 2  2 1 2  1 2  2   
0.5833333333333379 6 2  2 1 1 2 2  1 1 1 1  2 1 1  2 2  1   
2.333333333333331 6 2  2 1 1 2 2  1 1 1 1  2 1 1  2 2  2   
0.5833333333333379 6 2  2 1 1 2 2  1 1 1 1  2 1 2  2 1  1   
2.333333333333331 6 2  2 1 1 2 2  1 1 1 1  2 1 2  2 1  2   
2.333333333333331 6 2  2 1 1 2 2  1 1 1 1  2 1 2  2 2  1   
4.083333333333324 6 2  2 1 1 2 2  1 1 1 1  2 1 2  2 2  2   
-2.333333333333331 6 2  2 1 1 2 2  1 1 1 2  2 1 1  2 1  1   
-0.5833333333333379 6 2  2 1 1 2 2  1 1 1 2  2 1 1  2 1  2   
-0.5833333333333379 6 2  2 1 1 2 2  1 1 1 2  2 1 1  2 2  1   
1.1666666666666758 6 2  2 1 1 2 2  1 1 1 2  2 1 1  2 2  2   
-0.5833333333333379 6 2  2 1 1 2 2  1 1 1 2  2 1 2  2 1  1   
1.1666666666666758 6 2  2 1 1 2 2  1 1 1 2  2 1 2  2 1  2   
1.1666666666666758 6 2  2 1 1 2 2  1 1 1 2  2 1 2  2 2  1   
2.916666666666669 6 2  2 1 1 2 2  1 1 1 2  2 1 2  2 2  2   
4.083333333333324 6 2  2 1 1 2 2  1 1 1 1  2 2 2  2 2  1   
-2.333333333333331 6 2  2 1 1 2 2  1 1 1 2  2 2 1  2 1  1   
-0.5833333333333379 6 2  2 1 1 2 2  1 1 1 2  2 2 1  2 1  2   
-0.5833333333333379 6 2  2 1 1 2 2  1 1 1 2  2 2 1  2 2  1   
1.1666666666666758 6 2  2 1 1 2 2  1 1 1 2  2 2 1  2 2  2   
1.1666666666666758 6 2  2 1 1 2 2  1 1 1 2  2 2 2  2 2  1   
0.9722222222222161 6 2  2 1 1 2 2  1 1 2 2  2 1 1  1 1  1   
0.09722222222223 6 2  2 1 1 2 2  1 1 2 2  2 1 1  1 2  1   
-0.777777777777777 6 2  2 1 1 2 2  1 1 2 2  2 1 2  1 2  1   
-0.777777777777777 6 2  2 1 1 2 2  1 1 2 2  2 1 1  2 2  1   
-0.777777777777777 6 2  2 1 1 2 2  1 1 2 2  2 1 2  2 1  1   
-1.652777777777784 6 2  2 1 1 2 2  1 1 2 2  2 1 2  2 2  1   
-2.52777777777777 6 2  2 1 1 2 2  1 1 2 2  2 2 2  2 2  1   
-0.777777777777777 6 2  2 1 1 1 2  1 2 2 1  1 1 1  1 1  1   
-1.652777777777784 6 2  2 1 1 1 2  1 2 2 1  1 1 1  1 1  2   
-2.52777777777777 6 2  2 1 1 1 2  1 2 2 1  1 1 1  1 2  2   
0.9722222222222161 6 2  2 1 1 1 2  1 2 2 1  1 1 2  1 1  1   
0.09722222222223 6 2  2 1 1 1 2  1 2 2 1  1 1 2  1 1  2   
-0.777777777777777 6 2  2 1 1 1 2  1 2 2 1  1 1 2  1 2  2   
2.7222222222222303 6 2  2 1 1 1 2  1 2 2 1  1 1 1  2 1  1   
1.8472222222222232 6 2  2 1 1 1 2  1 2 2 1  1 1 1  2 1  2   
0.9722222222222161 6 2  2 1 1 1 2  1 2 2 1  1 1 1  2 2  2   
4.472222222222223 6 2  2 1 1 1 2  1 2 2 1  1 1 2  2 1  1   
3.597222222222216 6 2  2 1 1 1 2  1 2 2 1  1 1 2  2 1  2   
2.7222222222222303 6 2  2 1 1 1 2  1 2 2 1  1 1 2  2 2  2   
-1.652777777777784 6 2  2 1 1 1 2  1 2 2 1  1 2 1  1 1  1   
-2.52777777777777 6 2  2 1 1 1 2  1 2 2 1  1 2 1  1 1  2   
-2.52777777777777 6 2  2 1 1 1 2  1 2 2 1  1 2 1  1 2  1   
-3.4027777777777772 6 2  2 1 1 1 2  1 2 2 1  1 2 1  1 2  2   
0.09722222222223 6 2  2 1 1 1 2  1 2 2 1  1 2 2  1 1  1   
-0.777777777777777 6 2  2 1 1 1 2  1 2 2 1  1 2 2  1 1  2   
-0.777777777777777 6 2  2 1 1 1 2  1 2 2 1  1 2 2  1 2  1   
-1.652777777777784 6 2  2 1 1 1 2  1 2 2 1  1 2 2  1 2  2   
1.8472222222222232 6 2  2 1 1 1 2  1 2 2 1  1 2 1  2 1  1   
0.9722222222222161 6 2  2 1 1 1 2  1 2 2 1  1 2 1  2 1  2   
0.9722222222222161 6 2  2 1 1 1 2  1 2 2 1  1 2 1  2 2  1   
0.09722222222223 6 2  2 1 1 1 2  1 2 2 1  1 2 1  2 2  2   
3.597222222222216 6 2  2 1 1 1 2  1 2 2 1  1 2 2  2 1  1   
2.7222222222222303 6 2  2 1 1 1 2  1 2 2 1  1 2 2  2 1  2   
2.7222222222222303 6 2  2 1 1 1 2  1 2 2 1  1 2 2  2 2  1   
1.8472222222222232 6 2  2 1 1 1 2  1 2 2 1  1 2 2  2 2  2   
-2.333333333333331 6 2  2 1 1 2 2  1 2 1 1  1 1 1  1 1  1   
-2.333333333333331 6 2  2 1 1 2 2  1 2 1 1  1 1 1  1 1  2   
-0.5833333333333379 6 2  2 1 1 2 2  1 2 1 1  1 1 1  1 2  1   
-0.5833333333333379 6 2  2 1 1 2 2  1 2 1 1  1 1 1  1 2  2   
-2.333333333333331 6 2  2 1 1 2 2  1 2 1 1  1 1 2  1 1  1   
-2.333333333333331 6 2  2 1 1 2 2  1 2 1 1  1 1 2  1 1  2   
-0.5833333333333379 6 2  2 1 1 2 2  1 2 1 1  1 1 2  1 2  1   
-0.5833333333333379 6 2  2 1 1 2 2  1 2 1 1  1 1 2  1 2  2   
-0.777777777777777 6 2  2 1 1 2 2  1 2 1 2  1 1 1  1 1  1   
0.09722222222223 6 2  2 1 1 2 2  1 2 1 2  1 1 1  1 1  2   
-0.777777777777777 6 2  2 1 1 2 2  1 2 1 2  1 1 1  1 2  1   
0.09722222222223 6 2  2 1 1 2 2  1 2 1 2  1 1 1  1 2  2   
0.09722222222223 6 2  2 1 1 2 2  1 2 1 2  1 1 2  1 1  1   
0.9722222222222161 6 2  2 1 1 2 2  1 2 1 2  1 1 2  1 1  2   
0.09722222222223 6 2  2 1 1 2 2  1 2 1 2  1 1 2  1 2  1   
0.9722222222222161 6 2  2 1 1 2 2  1 2 1 2  1 1 2  1 2  2   
1.1666666666666758 6 2  2 1 1 2 2  1 2 1 1  1 1 1  2 2  1   
1.1666666666666758 6 2  2 1 1 2 2  1 2 1 1  1 1 1  2 2  2   
-0.5833333333333379 6 2  2 1 1 2 2  1 2 1 1  1 1 2  2 1  1   
-0.5833333333333379 6 2  2 1 1 2 2  1 2 1 1  1 1 2  2 1  2   
1.1666666666666758 6 2  2 1 1 2 2  1 2 1 1  1 1 2  2 2  1   
1.1666666666666758 6 2  2 1 1 2 2  1 2 1 1  1 1 2  2 2  2   
0.09722222222223 6 2  2 1 1 2 2  1 2 1 2  1 1 1  2 1  1   
0.9722222222222161 6 2  2 1 1 2 2  1 2 1 2  1 1 1  2 1  2   
0.09722222222223 6 2  2 1 1 2 2  1 2 1 2  1 1 1  2 2  1   
0.9722222222222161 6 2  2 1 1 2 2  1 2 1 2  1 1 1  2 2  2   
0.9722222222222161 6 2  2 1 1 2 2  1 2 1 2  1 1 2  2 1  1   
1.8472222222222232 6 2  2 1 1 2 2  1 2 1 2  1 1 2  2 1  2   
0.9722222222222161 6 2  2 1 1 2 2  1 2 1 2  1 1 2  2 2  1   
1.8472222222222232 6 2  2 1 1 2 2  1 2 1 2  1 1 2  2 2  2   
-2.333333333333331 6 2  2 1 1 2 2  1 2 1 1  1 2 2  1 1  1   
-2.333333333333331 6 2  2 1 1 2 2  1 2 1 1  1 2 2  1 1  2   
-0.5833333333333379 6 2  2 1 1 2 2  1 2 1 1  1 2 2  1 2  1   
-0.5833333333333379 6 2  2 1 1 2 2  1 2 1 1  1 2 2  1 2  2   
-2.52777777777777 6 2  2 1 1 2 2  1 2 1 2  1 2 1  1 1  1   
-1.652777777777784 6 2  2 1 1 2 2  1 2 1 2  1 2 1  1 1  2   
-2.52777777777777 6 2  2 1 1 2 2  1 2 1 2  1 2 1  1 2  1   
-1.652777777777784 6 2  2 1 1 2 2  1 2 1 2  1 2 1  1 2  2   
-1.652777777777784 6 2  2 1 1 2 2  1 2 1 2  1 2 2  1 1  1   
-0.777777777777777 6 2  2 1 1 2 2  1 2 1 2  1 2 2  1 1  2   
-1.652777777777784 6 2  2 1 1 2 2  1 2 1 2  1 2 2  1 2  1   
-0.777777777777777 6 2  2 1 1 2 2  1 2 1 2  1 2 2  1 2  2   
1.1666666666666758 6 2  2 1 1 2 2  1 2 1 1  1 2 2  2 2  1   
1.1666666666666758 6 2  2 1 1 2 2  1 2 1 1  1 2 2  2 2  2   
-1.652777777777784 6 2  2 1 1 2 2  1 2 1 2  1 2 1  2 1  1   
-0.777777777777777 6 2  2 1 1 2 2  1 2 1 2  1 2 1  2 1  2   
-1.652777777777784 6 2  2 1 1 2 2  1 2 1 2  1 2 1  2 2  1   
-0.777777777777777 6 2  2 1 1 2 2  1 2 1 2  1 2 1  2 2  2   
-0.777777777777777 6 2  2 1 1 2 2  1 2 1 2  1 2 2  2 1  1   
0.09722222222223 6 2  2 1 1 2 2  1 2 1 2  1 2 2  2 1  2   
-0.777777777777777 6 2  2 1 1 2 2  1 2 1 2  1 2 2  2 2  1   
0.09722222222223 6 2  2 1 1 2 2  1 2 1 2  1 2 2  2 2  2   
-2.52777777777777 6 2  2 1 1 1 2  1 2 2 1  2 2 1  1 1  1   
-3.4027777777777772 6 2  2 1 1 1 2  1 2 2 1  2 2 1  1 1  2   
-4.277777777777784 6 2  2 1 1 1 2  1 2 2 1  2 2 1  1 2  2   
-0.777777777777777 6 2  2 1 1 1 2  1 2 2 1  2 2 2  1 1  1   
-1.652777777777784 6 2  2 1 1 1 2  1 2 2 1  2 2 2  1 1  2   
-2.52777777777777 6 2  2 1 1 1 2  1 2 2 1  2 2 2  1 2  2   
0.9722222222222161 6 2  2 1 1 1 2  1 2 2 1  2 2 1  2 1  1   
0.09722222222223 6 2  2 1 1 1 2  1 2 2 1  2 2 1  2 1  2   
-0.777777777777777 6 2  2 1 1 1 2  1 2 2 1  2 2 1  2 2  2   
2.7222222222222303 6 2  2 1 1 1 2  1 2 2 1  2 2 2  2 1  1   
1.8472222222222232 6 2  2 1 1 1 2  1 2 2 1  2 2 2  2 1  2   
-0.5833333333333379 6 2  2 1 1 2 2  1 2 1 1  2 1 1  1 1  1   
-0.5833333333333379 6 2  2 1 1 2 2  1 2 1 1  2 1 1  1 1  2   
1.1666666666666758 6 2  2 1 1 2 2  1 2 1 1  2 1 1  1 2  1   
1.1666666666666758 6 2  2 1 1 2 2  1 2 1 1  2 1 1  1 2  2   
-0.5833333333333379 6 2  2 1 1 2 2  1 2 1 1  2 1 2  1 1  1   
-0.5833333333333379 6 2  2 1 1 2 2  1 2 1 1  2 1 2  1 1  2   
1.1666666666666758 6 2  2 1 1 2 2  1 2 1 1  2 1 2  1 2  1   
1.1666666666666758 6 2  2 1 1 2 2  1 2 1 1  2 1 2  1 2  2   
0.09722222222223 6 2  2 1 1 2 2  1 2 1 2  2 1 1  1 1  1   
0.9722222222222161 6 2  2 1 1 2 2  1 2 1 2  2 1 1  1 1  2   
0.09722222222223 6 2  2 1 1 2 2  1 2 1 2  2 1 1  1 2  1   
0.9722222222222161 6 2  2 1 1 2 2  1 2 1 2  2 1 1  1 2  2   
0.9722222222222161 6 2  2 1 1 2 2  1 2 1 2  2 1 2  1 1  1   
1.8472222222222232 6 2  2 1 1 2 2  1 2 1 2  2 1 2  1 1  2   
0.9722222222222161 6 2  2 1 1 2 2  1 2 1 2  2 1 2  1 2  1   
1.8472222222222232 6 2  2 1 1 2 2  1 2 1 2  2 1 2  1 2  2   
2.916666666666669 6 2  2 1 1 2 2  1 2 1 1  2 1 1  2 2  1   
2.916666666666669 6 2  2 1 1 2 2  1 2 1 1  2 1 1  2 2  2   
1.1666666666666758 6 2  2 1 1 2 2  1 2 1 1  2 1 2  2 1  1   
1.1666666666666758 6 2  2 1 1 2 2  1 2 1 1  2 1 2  2 1  2   
2.916666666666669 6 2  2 1 1 2 2  1 2 1 1  2 1 2  2 2  1   
2.916666666666669 6 2  2 1 1 2 2  1 2 1 1  2 1 2  2 2  2   
0.9722222222222161 6 2  2 1 1 2 2  1 2 1 2  2 1 1  2 1  1   
1.8472222222222232 6 2  2 1 1 2 2  1 2 1 2  2 1 1  2 1  2   
0.9722222222222161 6 2  2 1 1 2 2  1 2 1 2  2 1 1  2 2  1   
1.8472222222222232 6 2  2 1 1 2 2  1 2 1 2  2 1 1  2 2  2   
1.8472222222222232 6 2  2 1 1 2 2  1 2 1 2  2 1 2  2 1  1   
2.7222222222222303 6 2  2 1 1 2 2  1 2 1 2  2 1 2  2 1  2   
1.8472222222222232 6 2  2 1 1 2 2  1 2 1 2  2 1 2  2 2  1   
2.7222222222222303 6 2  2 1 1 2 2  1 2 1 2  2 1 2  2 2  2   
-0.5833333333333379 6 2  2 1 1 2 2  1 2 1 1  2 2 2  1 1  1   
-0.5833333333333379 6 2  2 1 1 2 2  1 2 1 1  2 2 2  1 1  2   
1.1666666666666758 6 2  2 1 1 2 2  1 2 1 1  2 2 2  1 2  1   
1.1666666666666758 6 2  2 1 1 2 2  1 2 1 1  2 2 2  1 2  2   
-1.652777777777784 6 2  2 1 1 2 2  1 2 1 2  2 2 1  1 1  1   
-0.777777777777777 6 2  2 1 1 2 2  1 2 1 2  2 2 1  1 1  2   
-1.652777777777784 6 2  2 1 1 2 2  1 2 1 2  2 2 1  1 2  1   
-0.777777777777777 6 2  2 1 1 2 2  1 2 1 2  2 2 1  1 2  2   
-0.777777777777777 6 2  2 1 1 2 2  1 2 1 2  2 2 2  1 1  1   
0.09722222222223 6 2  2 1 1 2 2  1 2 1 2  2 2 2  1 1  2   
-0.777777777777777 6 2  2 1 1 2 2  1 2 1 2  2 2 2  1 2  1   
0.09722222222223 6 2  2 1 1 2 2  1 2 1 2  2 2 2  1 2  2   
2.916666666666669 6 2  2 1 1 2 2  1 2 1 1  2 2 2  2 2  1   
-0.777777777777777 6 2  2 1 1 2 2  1 2 1 2  2 2 1  2 1  1   
0.09722222222223 6 2  2 1 1 2 2  1 2 1 2  2 2 1  2 1  2   
-0.777777777777777 6 2  2 1 1 2 2  1 2 1 2  2 2 1  2 2  1   
0.09722222222223 6 2  2 1 1 2 2  1 2 1 2  2 2 1  2 2  2   
0.09722222222223 6 2  2 1 1 2 2  1 2 1 2  2 2 2  2 1  1   
0.9722222222222161 6 2  2 1 1 2 2  1 2 1 2  2 2 2  2 1  2   
0.09722222222223 6 2  2 1 1 2 2  1 2 1 2  2 2 2  2 2  1   
-4.666666666666662 6 2  2 1 2 2 2  1 1 1 1  1 1 1  1 1  1   
-2.916666666666669 6 2  2 1 2 2 2  1 1 1 1  1 1 1  1 1  2   
-1.1666666666666758 6 2  2 1 2 2 2  1 1 1 1  1 1 1  1 2  2   
-2.916666666666669 6 2  2 1 2 2 2  1 1 1 1  1 1 2  1 1  1   
-1.1666666666666758 6 2  2 1 2 2 2  1 1 1 1  1 1 2  1 1  2   
0.5833333333333379 6 2  2 1 2 2 2  1 1 1 1  1 1 2  1 2  2   
-2.333333333333331 6 2  2 1 2 2 2  1 1 1 2  1 1 1  1 1  1   
-0.5833333333333379 6 2  2 1 2 2 2  1 1 1 2  1 1 1  1 1  2   
1.1666666666666758 6 2  2 1 2 2 2  1 1 1 2  1 1 1  1 2  2   
-0.5833333333333379 6 2  2 1 2 2 2  1 1 1 2  1 1 2  1 1  1   
1.1666666666666758 6 2  2 1 2 2 2  1 1 1 2  1 1 2  1 1  2   
2.916666666666669 6 2  2 1 2 2 2  1 1 1 2  1 1 2  1 2  2   
-1.1666666666666758 6 2  2 1 2 2 2  1 1 1 1  1 1 2  2 1  1   
0.5833333333333379 6 2  2 1 2 2 2  1 1 1 1  1 1 2  2 1  2   
-2.333333333333331 6 2  2 1 2 2 2  1 1 1 2  1 1 1  2 1  1   
-0.5833333333333379 6 2  2 1 2 2 2  1 1 1 2  1 1 1  2 1  2   
-0.5833333333333379 6 2  2 1 2 2 2  1 1 1 2  1 1 2  2 1  1   
1.1666666666666758 6 2  2 1 2 2 2  1 1 1 2  1 1 2  2 1  2   
-1.1666666666666758 6 2  2 1 2 2 2  1 1 1 1  1 2 2  1 1  1   
0.5833333333333379 6 2  2 1 2 2 2  1 1 1 1  1 2 2  1 1  2   
0.5833333333333379 6 2  2 1 2 2 2  1 1 1 1  1 2 2  1 2  1   
2.333333333333331 6 2  2 1 2 2 2  1 1 1 1  1 2 2  1 2  2   
-2.333333333333331 6 2  2 1 2 2 2  1 1 1 2  1 2 1  1 1  1   
-0.5833333333333379 6 2  2 1 2 2 2  1 1 1 2  1 2 1  1 1  2   
-0.5833333333333379 6 2  2 1 2 2 2  1 1 1 2  1 2 1  1 2  1   
1.1666666666666758 6 2  2 1 2 2 2  1 1 1 2  1 2 1  1 2  2   
-0.5833333333333379 6 2  2 1 2 2 2  1 1 1 2  1 2 2  1 1  1   
1.1666666666666758 6 2  2 1 2 2 2  1 1 1 2  1 2 2  1 1  2   
1.1666666666666758 6 2  2 1 2 2 2  1 1 1 2  1 2 2  1 2  1   
2.916666666666669 6 2  2 1 2 2 2  1 1 1 2  1 2 2  1 2  2   
2.333333333333331 6 2  2 1 2 2 2  1 1 1 1  1 2 2  2 2  1   
-2.333333333333331 6 2  2 1 2 2 2  1 1 1 2  1 2 1  2 1  1   
-0.5833333333333379 6 2  2 1 2 2 2  1 1 1 2  1 2 1  2 1  2   
-0.5833333333333379 6 2  2 1 2 2 2  1 1 1 2  1 2 1  2 2  1   
-0.5833333333333379 6 2  2 1 2 2 2  1 1 1 2  1 2 2  2 1  1   
1.1666666666666758 6 2  2 1 2 2 2  1 1 1 2  1 2 2  2 1  2   
1.1666666666666758 6 2  2 1 2 2 2  1 1 1 2  1 2 2  2 2  1   
-0.777777777777777 6 2  2 1 2 2 2  1 1 2 2  1 1 1  1 1  1   
-1.652777777777784 6 2  2 1 2 2 2  1 1 2 2  1 1 1  1 2  1   
-1.652777777777784 6 2  2 1 2 2 2  1 1 2 2  1 1 2  1 1  1   
-2.52777777777777 6 2  2 1 2 2 2  1 1 2 2  1 1 2  1 2  1   
-2.52777777777777 6 2  2 1 2 2 2  1 1 2 2  1 1 1  2 2  1   
-2.52777777777777 6 2  2 1 2 2 2  1 1 2 2  1 1 2  2 1  1   
-3.4027777777777772 6 2  2 1 2 2 2  1 1 2 2  1 1 2  2 2  1   
-2.52777777777777 6 2  2 1 2 2 2  1 1 2 2  1 2 2  1 1  1   
-3.4027777777777772 6 2  2 1 2 2 2  1 1 2 2  1 2 2  1 2  1   
-4.277777777777784 6 2  2 1 2 2 2  1 1 2 2  1 2 2  2 2  1   
0.5833333333333379 6 2  2 1 2 2 2  1 1 1 1  2 2 2  1 1  1   
2.333333333333331 6 2  2 1 2 2 2  1 1 1 1  2 2 2  1 1  2   
4.083333333333324 6 2  2 1 2 2 2  1 1 1 1  2 2 2  1 2  2   
-2.333333333333331 6 2  2 1 2 2 2  1 1 1 2  2 2 1  1 1  1   
-0.5833333333333379 6 2  2 1 2 2 2  1 1 1 2  2 2 1  1 1  2   
1.1666666666666758 6 2  2 1 2 2 2  1 1 1 2  2 2 1  1 2  2   
-0.5833333333333379 6 2  2 1 2 2 2  1 1 1 2  2 2 2  1 1  1   
1.1666666666666758 6 2  2 1 2 2 2  1 1 1 2  2 2 2  1 1  2   
2.916666666666669 6 2  2 1 2 2 2  1 1 1 2  2 2 2  1 2  2   
-2.333333333333331 6 2  2 1 2 2 2  1 1 1 2  2 2 1  2 1  1   
-0.5833333333333379 6 2  2 1 2 2 2  1 1 1 2  2 2 1  2 1  2   
-0.5833333333333379 6 2  2 1 2 2 2  1 1 1 2  2 2 2  2 1  1   
1.1666666666666758 6 2  2 1 2 2 2  1 1 1 2  2 2 2  2 1  2   
0.9722222222222161 6 2  2 1 2 2 2  1 1 2 2  2 1 1  1 1  1   
0.09722222222223 6 2  2 1 2 2 2  1 1 2 2  2 1 1  1 2  1   
0.09722222222223 6 2  2 1 2 2 2  1 1 2 2  2 1 2  1 1  1   
-0.777777777777777 6 2  2 1 2 2 2  1 1 2 2  2 1 2  1 2  1   
-0.777777777777777 6 2  2 1 2 2 2  1 1 2 2  2 1 1  2 2  1   
-0.777777777777777 6 2  2 1 2 2 2  1 1 2 2  2 1 2  2 1  1   
-1.652777777777784 6 2  2 1 2 2 2  1 1 2 2  2 1 2  2 2  1   
-0.777777777777777 6 2  2 1 2 2 2  1 1 2 2  2 2 2  1 1  1   
-1.652777777777784 6 2  2 1 2 2 2  1 1 2 2  2 2 2  1 2  1   
-2.52777777777777 6 2  2 1 2 2 2  1 1 2 2  2 2 2  2 2  1   
-0.777777777777777 6 2  2 1 1 2 2  2 2 1 1  1 1 1  1 1  1   
0.9722222222222161 6 2  2 1 1 2 2  2 2 1 1  1 1 1  1 1  2   
-1.652777777777784 6 2  2 1 1 2 2  2 2 1 1  1 1 1  1 2  1   
0.09722222222223 6 2  2 1 1 2 2  2 2 1 1  1 1 1  1 2  2   
-2.52777777777777 6 2  2 1 1 2 2  2 2 1 1  1 1 2  1 2  1   
-0.777777777777777 6 2  2 1 1 2 2  2 2 1 1  1 1 2  1 2  2   
-2.52777777777777 6 2  2 1 1 2 2  2 2 1 1  1 1 1  2 2  1   
-0.777777777777777 6 2  2 1 1 2 2  2 2 1 1  1 1 1  2 2  2   
-2.52777777777777 6 2  2 1 1 2 2  2 2 1 1  1 1 2  2 1  1   
-0.777777777777777 6 2  2 1 1 2 2  2 2 1 1  1 1 2  2 1  2   
-3.4027777777777772 6 2  2 1 1 2 2  2 2 1 1  1 1 2  2 2  1   
-1.652777777777784 6 2  2 1 1 2 2  2 2 1 1  1 1 2  2 2  2   
-4.277777777777784 6 2  2 1 1 2 2  2 2 1 1  1 2 2  2 2  1   
-2.52777777777777 6 2  2 1 1 2 2  2 2 1 1  1 2 2  2 2  2   
2.7222222222222303 6 2  2 1 1 2 2  2 2 1 1  2 1 1  1 1  1   
4.472222222222223 6 2  2 1 1 2 2  2 2 1 1  2 1 1  1 1  2   
1.8472222222222232 6 2  2 1 1 2 2  2 2 1 1  2 1 1  1 2  1   
3.597222222222216 6 2  2 1 1 2 2  2 2 1 1  2 1 1  1 2  2   
0.9722222222222161 6 2  2 1 1 2 2  2 2 1 1  2 1 2  1 2  1   
2.7222222222222303 6 2  2 1 1 2 2  2 2 1 1  2 1 2  1 2  2   
0.9722222222222161 6 2  2 1 1 2 2  2 2 1 1  2 1 1  2 2  1   
2.7222222222222303 6 2  2 1 1 2 2  2 2 1 1  2 1 1  2 2  2   
0.9722222222222161 6 2  2 1 1 2 2  2 2 1 1  2 1 2  2 1  1   
2.7222222222222303 6 2  2 1 1 2 2  2 2 1 1  2 1 2  2 1  2   
0.09722222222223 6 2  2 1 1 2 2  2 2 1 1  2 1 2  2 2  1   
1.8472222222222232 6 2  2 1 1 2 2  2 2 1 1  2 1 2  2 2  2   
-0.777777777777777 6 2  2 1 1 2 2  2 2 1 1  2 2 2  2 2  1   
-2.333333333333331 6 2  2 1 2 2 2  2 1 1 1  1 1 1  1 1  1   
-2.333333333333331 6 2  2 1 2 2 2  2 1 1 1  1 1 1  1 1  2   
-2.333333333333331 6 2  2 1 2 2 2  2 1 1 1  1 1 1  1 2  2   
-0.5833333333333379 6 2  2 1 2 2 2  2 1 1 1  1 1 2  1 1  1   
-0.5833333333333379 6 2  2 1 2 2 2  2 1 1 1  1 1 2  1 1  2   
-0.5833333333333379 6 2  2 1 2 2 2  2 1 1 1  1 1 2  1 2  2   
-0.777777777777777 6 2  2 1 2 2 2  2 1 1 2  1 1 1  1 1  1   
0.09722222222223 6 2  2 1 2 2 2  2 1 1 2  1 1 1  1 1  2   
0.9722222222222161 6 2  2 1 2 2 2  2 1 1 2  1 1 1  1 2  2   
-0.777777777777777 6 2  2 1 2 2 2  2 1 1 2  1 1 2  1 1  1   
0.09722222222223 6 2  2 1 2 2 2  2 1 1 2  1 1 2  1 1  2   
0.9722222222222161 6 2  2 1 2 2 2  2 1 1 2  1 1 2  1 2  2   
-0.5833333333333379 6 2  2 1 2 2 2  2 1 1 1  1 1 2  2 1  1   
-0.5833333333333379 6 2  2 1 2 2 2  2 1 1 1  1 1 2  2 1  2   
-2.52777777777777 6 2  2 1 2 2 2  2 1 1 2  1 1 1  2 1  1   
-1.652777777777784 6 2  2 1 2 2 2  2 1 1 2  1 1 1  2 1  2   
-2.52777777777777 6 2  2 1 2 2 2  2 1 1 2  1 1 2  2 1  1   
-1.652777777777784 6 2  2 1 2 2 2  2 1 1 2  1 1 2  2 1  2   
1.1666666666666758 6 2  2 1 2 2 2  2 1 1 1  1 2 2  1 1  1   
1.1666666666666758 6 2  2 1 2 2 2  2 1 1 1  1 2 2  1 1  2   
1.1666666666666758 6 2  2 1 2 2 2  2 1 1 1  1 2 2  1 2  1   
1.1666666666666758 6 2  2 1 2 2 2  2 1 1 1  1 2 2  1 2  2   
0.09722222222223 6 2  2 1 2 2 2  2 1 1 2  1 2 1  1 1  1   
0.9722222222222161 6 2  2 1 2 2 2  2 1 1 2  1 2 1  1 1  2   
0.9722222222222161 6 2  2 1 2 2 2  2 1 1 2  1 2 1  1 2  1   
1.8472222222222232 6 2  2 1 2 2 2  2 1 1 2  1 2 1  1 2  2   
0.09722222222223 6 2  2 1 2 2 2  2 1 1 2  1 2 2  1 1  1   
0.9722222222222161 6 2  2 1 2 2 2  2 1 1 2  1 2 2  1 1  2   
0.9722222222222161 6 2  2 1 2 2 2  2 1 1 2  1 2 2  1 2  1   
1.8472222222222232 6 2  2 1 2 2 2  2 1 1 2  1 2 2  1 2  2   
1.1666666666666758 6 2  2 1 2 2 2  2 1 1 1  1 2 2  2 2  1   
-1.652777777777784 6 2  2 1 2 2 2  2 1 1 2  1 2 1  2 1  1   
-0.777777777777777 6 2  2 1 2 2 2  2 1 1 2  1 2 1  2 1  2   
-0.777777777777777 6 2  2 1 2 2 2  2 1 1 2  1 2 1  2 2  1   
-1.652777777777784 6 2  2 1 2 2 2  2 1 1 2  1 2 2  2 1  1   
-0.777777777777777 6 2  2 1 2 2 2  2 1 1 2  1 2 2  2 1  2   
-0.777777777777777 6 2  2 1 2 2 2  2 1 1 2  1 2 2  2 2  1   
2.916666666666669 6 2  2 1 2 2 2  2 1 1 1  2 2 2  1 1  1   
2.916666666666669 6 2  2 1 2 2 2  2 1 1 1  2 2 2  1 1  2   
2.916666666666669 6 2  2 1 2 2 2  2 1 1 1  2 2 2  1 2  2   
0.9722222222222161 6 2  2 1 2 2 2  2 1 1 2  2 2 1  1 1  1   
1.8472222222222232 6 2  2 1 2 2 2  2 1 1 2  2 2 1  1 1  2   
2.7222222222222303 6 2  2 1 2 2 2  2 1 1 2  2 2 1  1 2  2   
0.9722222222222161 6 2  2 1 2 2 2  2 1 1 2  2 2 2  1 1  1   
1.8472222222222232 6 2  2 1 2 2 2  2 1 1 2  2 2 2  1 1  2   
2.7222222222222303 6 2  2 1 2 2 2  2 1 1 2  2 2 2  1 2  2   
-0.777777777777777 6 2  2 1 2 2 2  2 1 1 2  2 2 1  2 1  1   
0.09722222222223 6 2  2 1 2 2 2  2 1 1 2  2 2 1  2 1  2   
-0.777777777777777 6 2  2 1 2 2 2  2 1 1 2  2 2 2  2 1  1   
0.09722222222223 6 2  2 1 2 2 2  2 1 1 2  2 2 2  2 1  2   
-4.666666666666662 6 2  2 2 2 2 2  1 1 1 1  1 1 1  1 1  1   
-2.916666666666669 6 2  2 2 2 2 2  1 1 1 1  1 1 1  1 1  2   
-1.1666666666666758 6 2  2 2 2 2 2  1 1 1 1  1 1 1  1 2  2   
0.5833333333333379 6 2  2 2 2 2 2  1 1 1 1  1 1 2  1 2  2   
-2.333333333333331 6 2  2 2 2 2 2  1 1 1 2  1 1 1  1 1  1   
-0.5833333333333379 6 2  2 2 2 2 2  1 1 1 2  1 1 1  1 1  2   
1.1666666666666758 6 2  2 2 2 2 2  1 1 1 2  1 1 1  1 2  2   
2.916666666666669 6 2  2 2 2 2 2  1 1 1 2  1 1 2  1 2  2   
-1.1666666666666758 6 2  2 2 2 2 2  1 1 1 1  1 1 2  2 1  1   
0.5833333333333379 6 2  2 2 2 2 2  1 1 1 1  1 1 2  2 1  2   
-2.333333333333331 6 2  2 2 2 2 2  1 1 1 2  1 1 1  2 1  1   
-0.5833333333333379 6 2  2 2 2 2 2  1 1 1 2  1 1 1  2 1  2   
-0.5833333333333379 6 2  2 2 2 2 2  1 1 1 2  1 1 2  2 1  1   
1.1666666666666758 6 2  2 2 2 2 2  1 1 1 2  1 1 2  2 1  2   
2.333333333333331 6 2  2 2 2 2 2  1 1 1 1  1 2 2  2 2  1   
-2.333333333333331 6 2  2 2 2 2 2  1 1 1 2  1 2 1  2 1  1   
-0.5833333333333379 6 2  2 2 2 2 2  1 1 1 2  1 2 1  2 1  2   
-0.5833333333333379 6 2  2 2 2 2 2  1 1 1 2  1 2 1  2 2  1   
1.1666666666666758 6 2  2 2 2 2 2  1 1 1 2  1 2 2  2 2  1   
-0.777777777777777 6 2  2 2 2 2 2  1 1 2 2  1 1 1  1 1  1   
-1.652777777777784 6 2  2 2 2 2 2  1 1 2 2  1 1 1  1 2  1   
-2.52777777777777 6 2  2 2 2 2 2  1 1 2 2  1 1 2  1 2  1   
-2.52777777777777 6 2  2 2 2 2 2  1 1 2 2  1 1 1  2 2  1   
-2.52777777777777 6 2  2 2 2 2 2  1 1 2 2  1 1 2  2 1  1   
-3.4027777777777772 6 2  2 2 2 2 2  1 1 2 2  1 1 2  2 2  1   
-4.277777777777784 6 2  2 2 2 2 2  1 1 2 2  1 2 2  2 2  1   
0.9722222222222161 6 2  2 2 2 2 2  1 1 2 2  2 1 1  1 1  1   
0.09722222222223 6 2  2 2 2 2 2  1 1 2 2  2 1 1  1 2  1   
-0.777777777777777 6 2  2 2 2 2 2  1 1 2 2  2 1 1  2 2  1   
-0.777777777777777 6 2  2 2 2 2 2  1 1 2 2  2 1 2  2 1  1   
