0.088888888888889 5 0  1 1 1 1  1 1 1  1 1  2   
0.177777777777778 5 0  1 1 1 1  1 1 1  1 2  2   
0.266666666666667 5 0  1 1 1 1  1 1 2  1 2  2   
0.355555555555556 5 0  1 1 1 2  1 1 2  1 2  2   
0.366666666666667 5 0  1 1 1 1  1 1 1  2 2  2   
0.111111111111111 5 0  1 1 1 1  1 1 2  2 1  1   
0.2 5 0  1 1 1 1  1 1 2  2 1  2   
0.388888888888889 5 0  1 1 1 1  1 1 2  2 2  2   
0.133333333333333 5 0  1 1 1 2  1 1 2  2 1  1   
0.222222222222222 5 0  1 1 1 2  1 1 2  2 1  2   
0.411111111111111 5 0  1 1 1 2  1 1 2  2 2  2   
0.222222222222222 5 0  1 1 1 1  1 2 2  2 2  1   
0.411111111111111 5 0  1 1 1 1  1 2 2  2 2  2   
0.155555555555556 5 0  1 1 1 2  1 2 1  2 2  1   
0.344444444444444 5 0  1 1 1 2  1 2 1  2 2  2   
0.177777777777778 5 0  1 1 1 2  1 2 2  2 2  1   
0.366666666666667 5 0  1 1 1 2  1 2 2  2 2  2   
0.133333333333333 5 0  1 1 2 2  1 2 2  2 2  1   
0.222222222222222 5 0  1 1 2 2  1 2 2  2 2  2   
0.155555555555556 5 0  1 1 1 2  2 2 1  2 1  1   
0.177777777777778 5 0  1 1 1 2  2 2 1  2 1  2   
0.2 5 0  1 1 1 2  2 2 1  2 2  2   
0.2 5 0  1 1 2 2  2 1 2  1 2  2   
0.111111111111111 5 0  1 1 2 2  2 1 2  2 1  1   
0.133333333333333 5 0  1 1 2 2  2 1 2  2 1  2   
0.055555555555556 5 0  1 1 2 2  2 1 2  2 2  2   
-0.011111111111111 5 0  1 1 2 2  2 2 2  2 2  1   
-0.355555555555556 5 0  1 2 2 2  2 2 2  1 2  2   
